    0.500000    4.9499063320054D+63  2.931D+65
    0.560000    5.2280424189811D+58  2.849D+60
    0.620000    1.1872323389089D+53  5.830D+54
    0.680000    8.5728799741545D+46  3.702D+48
    0.740000    3.3232355803074D+40  1.227D+42
    0.800000    1.2778280280804D+34  3.908D+35
    0.860000    9.2690900401459D+27  2.265D+29
    0.920000    2.3075109694765D+22  4.322D+23
    0.980000    3.1874303913029D+17  4.363D+18
    1.040000    3.3066104957657D+13  3.130D+14
    1.100000    2.8207461209987D+10  1.731D+11
    1.160000    1.7306903796325D+08  6.433D+08
    1.220000    5.3527635493229D+06  1.147D+07
    1.280000    5.1254772292659D+05  6.263D+05
    1.340000    9.5123883557882D+04  6.764D+04
    1.400000    2.1848123155621D+04  9.574D+03
    1.460000    2.0760360542952D+02  1.087D+03
    1.520000   -1.0335214714503D+04  2.376D+02
    1.580000   -1.7545796684431D+04  2.163D+02
    1.640000   -2.2522807200467D+04  1.872D+02
    1.700000   -2.5350755245619D+04  1.839D+02
    1.760000   -2.6447228723227D+04  1.687D+02
    1.820000   -2.6380724244873D+04  1.619D+02
    1.880000   -2.5535140281669D+04  1.665D+02
    1.940000   -2.4038417193444D+04  1.561D+02
    2.000000   -2.1877661689494D+04  1.601D+02
    2.060000   -1.9073403390577D+04  1.712D+02
    2.120000   -1.5808140190510D+04  1.593D+02
    2.180000   -1.2423774930628D+04  2.047D+02
    2.240000   -9.2933726066920D+03  3.281D+02
    2.300000   -6.6773084985245D+03  4.376D+02
    2.360000   -4.6658179763811D+03  4.900D+02
    2.420000   -3.2136987617394D+03  4.865D+02
    2.480000   -2.2100044222328D+03  4.465D+02
    2.540000   -1.5342240739383D+03  3.906D+02
    2.600000   -1.0846943535930D+03  3.327D+02
    2.660000   -7.8603111948337D+02  2.805D+02
    2.720000   -5.8629737069777D+02  2.365D+02
    2.780000   -4.5116828924703D+02  2.009D+02
    2.840000   -3.5843446393896D+02  1.728D+02
    2.900000   -2.9383323665220D+02  1.508D+02
    2.960000   -2.4818881493792D+02  1.338D+02
    3.020000   -2.1554958082709D+02  1.205D+02
    3.080000   -1.9200638155483D+02  1.102D+02
    3.140000   -1.7495103435737D+02  1.021D+02
    3.200000   -1.6261168168399D+02  9.582D+01
    3.260000   -1.5376023625694D+02  9.083D+01
    3.320000   -1.4752660990396D+02  8.684D+01
    3.380000   -1.4327951932393D+02  8.361D+01
    3.440000   -1.4054918033335D+02  8.092D+01
    3.500000   -1.3897667180915D+02  7.863D+01
    3.560000   -1.3828050644279D+02  7.660D+01
    3.620000   -1.3823445083488D+02  7.474D+01
    3.680000   -1.3865278552931D+02  7.297D+01
    3.740000   -1.3938052494278D+02  7.122D+01
    3.800000   -1.4028695130637D+02  6.944D+01
    3.860000   -1.4126134997931D+02  6.761D+01
    3.920000   -1.4221018259227D+02  6.570D+01
    3.980000   -1.4305516961612D+02  6.370D+01
    4.040000   -1.4373191724317D+02  6.161D+01
    4.100000   -1.4418884011167D+02  5.942D+01
    4.160000   -1.4438621647810D+02  5.715D+01
    4.220000   -1.4429527504958D+02  5.481D+01
    4.280000   -1.4389725849416D+02  5.241D+01
    4.340000   -1.4318244138675D+02  4.997D+01
    4.400000   -1.4214910271778D+02  4.751D+01
    4.460000   -1.4080246721901D+02  4.505D+01
    4.520000   -1.3915363745143D+02  4.260D+01
    4.580000   -1.3721854143025D+02  4.018D+01
    4.640000   -1.3501691991150D+02  3.780D+01
    4.700000   -1.3257137451163D+02  3.548D+01
    4.760000   -1.2990649354779D+02  3.323D+01
    4.820000   -1.2704806763611D+02  3.106D+01
    4.880000   -1.2402240223541D+02  2.897D+01
    4.940000   -1.2085572986368D+02  2.698D+01
    5.000000   -1.1757372088295D+02  2.508D+01
    5.060000   -1.1420108866136D+02  2.327D+01
    5.120000   -1.1076128260497D+02  2.157D+01
    5.180000   -1.0727626096628D+02  1.996D+01
    5.240000   -1.0376633440205D+02  1.845D+01
    5.300000   -1.0025007086761D+02  1.704D+01
    5.360000   -9.6744252488752D+01  1.571D+01
    5.420000   -9.3263875439508D+01  1.448D+01
    5.480000   -8.9822184476736D+01  1.333D+01
    5.540000   -8.6430734556589D+01  1.227D+01
    5.600000   -8.3099472813899D+01  1.128D+01
    5.660000   -7.9836835068094D+01  1.037D+01
    5.720000   -7.6649851887009D+01  9.522D+00
    5.780000   -7.3544260063086D+01  8.742D+00
    5.840000   -7.0524616115427D+01  8.024D+00
    5.900000   -6.7594409114423D+01  7.362D+00
    5.960000   -6.4756170728122D+01  6.753D+00
    6.020000   -6.2011580910764D+01  6.193D+00
    6.080000   -5.9361568096872D+01  5.679D+00
    6.140000   -5.6806403134345D+01  5.207D+00
    6.200000   -5.4345786493640D+01  4.774D+00
    6.260000   -5.1978928534678D+01  4.376D+00
    6.320000   -4.9704622806045D+01  4.012D+00
    6.380000   -4.7521312499594D+01  3.679D+00
    6.440000   -4.5427150294552D+01  3.373D+00
    6.500000   -4.3420051904950D+01  3.094D+00
    6.560000   -4.1497743698231D+01  2.838D+00
    6.620000   -3.9657804786157D+01  2.603D+00
    6.680000   -3.7897704005912D+01  2.388D+00
    6.740000   -3.6214832213267D+01  2.192D+00
    6.800000   -3.4606530303784D+01  2.012D+00
    6.860000   -3.3070113364929D+01  1.848D+00
    6.920000   -3.1602891343695D+01  1.697D+00
    6.980000   -3.0202186592554D+01  1.559D+00
    7.040000   -2.8865348632636D+01  1.433D+00
    7.100000   -2.7589766448024D+01  1.317D+00
    7.160000   -2.6372878599757D+01  1.211D+00
    7.220000   -2.5212181423149D+01  1.114D+00
    7.280000   -2.4105235547857D+01  1.025D+00
    7.340000   -2.3049670957010D+01  9.438D-01
    7.400000   -2.2043190779923D+01  8.691D-01
    7.460000   -2.1083573992545D+01  8.007D-01
    7.520000   -2.0168677180922D+01  7.379D-01
    7.580000   -1.9296435505571D+01  6.803D-01
    7.640000   -1.8464862988836D+01  6.274D-01
    7.700000   -1.7672052232795D+01  5.789D-01
    7.760000   -1.6916173662278D+01  5.343D-01
    7.820000   -1.6195474375765D+01  4.934D-01
    7.880000   -1.5508276676378D+01  4.558D-01
    7.940000   -1.4852976345744D+01  4.212D-01
    8.000000   -1.4228040715093D+01  3.894D-01
    8.060000   -1.3632006580482D+01  3.601D-01
    8.120000   -1.3063478002450D+01  3.332D-01
    8.180000   -1.2521124024517D+01  3.084D-01
    8.240000   -1.2003676339863D+01  2.856D-01
    8.300000   -1.1509926930965D+01  2.646D-01
    8.360000   -1.1038725703040D+01  2.452D-01
    8.420000   -1.0588978128695D+01  2.274D-01
    8.480000   -1.0159642918165D+01  2.109D-01
    8.540000   -9.7497297269400D+00  1.957D-01
    8.600000   -9.3582969102930D+00  1.817D-01
    8.660000   -8.9844493323135D+00  1.687D-01
    8.720000   -8.6273362353368D+00  1.567D-01
    8.780000   -8.2861491742552D+00  1.457D-01
    8.840000   -7.9601200189602D+00  1.354D-01
    8.900000   -7.6485190271270D+00  1.260D-01
    8.960000   -7.3506529886770D+00  1.172D-01
    9.020000   -7.0658634425120D+00  1.091D-01
    9.080000   -6.7935249654989D+00  1.016D-01
    9.140000   -6.5330435331739D+00  9.470D-02
    9.200000   -6.2838549512133D+00  8.826D-02
    9.260000   -6.0454233563793D+00  8.229D-02
    9.320000   -5.8172397853777D+00  7.676D-02
    9.380000   -5.5988208098474D+00  7.162D-02
    9.440000   -5.3897072355402D+00  6.686D-02
    9.500000   -5.1894628636264D+00  6.243D-02
    9.560000   -4.9976733119762D+00  5.832D-02
    9.620000   -4.8139448942117D+00  5.450D-02
    9.680000   -4.6379035542956D+00  5.095D-02
    9.740000   -4.4691938544132D+00  4.765D-02
    9.800000   -4.3074780139154D+00  4.458D-02
    9.860000   -4.1524349971124D+00  4.172D-02
    9.920000   -4.0037596477476D+00  3.906D-02
    9.980000   -3.8611618680228D+00  3.658D-02
   10.059200   -3.6817732412346D+00     0.0
   10.119200   -3.5522360450823D+00     0.0
   10.179200   -3.4279116756603D+00     0.0
   10.239200   -3.3085666421463D+00     0.0
   10.299200   -3.1939788112170D+00     0.0
   10.359200   -3.0839368222483D+00     0.0
   10.419200   -2.9782395333813D+00     0.0
   10.479200   -2.8766954968690D+00     0.0
   10.539200   -2.7791224621920D+00     0.0
   10.599200   -2.6853469054953D+00     0.0
   10.659200   -2.5952035839670D+00     0.0
   10.719200   -2.5085351138452D+00     0.0
   10.779200   -2.4251915708017D+00     0.0
   10.839200   -2.3450301115121D+00     0.0
   10.899200   -2.2679146152825D+00     0.0
   10.959200   -2.1937153446575D+00     0.0
   11.019200   -2.1223086239916D+00     0.0
   11.079200   -2.0535765350158D+00     0.0
   11.139200   -1.9874066284840D+00     0.0
   11.199200   -1.9236916510297D+00     0.0
   11.259200   -1.8623292864105D+00     0.0
   11.319200   -1.8032219103623D+00     0.0
   11.379200   -1.7462763583241D+00     0.0
   11.439200   -1.6914037053370D+00     0.0
   11.499200   -1.6385190574573D+00     0.0
   11.559200   -1.5875413540583D+00     0.0
   11.619200   -1.5383931804323D+00     0.0
   11.679200   -1.4910005901327D+00     0.0
   11.739200   -1.4452929365306D+00     0.0
   11.799200   -1.4012027130859D+00     0.0
   11.859200   -1.3586654018624D+00     0.0
   11.919200   -1.3176193298423D+00     0.0
   11.979200   -1.2780055326173D+00     0.0
   12.039200   -1.2397676250620D+00     0.0
   12.099200   -1.2028516786110D+00     0.0
   12.159200   -1.1672061047876D+00     0.0
   12.219200   -1.1327815446469D+00     0.0
   12.279200   -1.0995307638184D+00     0.0
   12.339200   -1.0674085528478D+00     0.0
   12.399200   -1.0363716325563D+00     0.0
   12.459200   -1.0063785641500D+00     0.0
   12.519200   -9.7738966382730D-01     0.0
   12.579200   -9.4936692164657D-01     0.0
   12.639200   -9.2227392442789D-01     0.0
   12.699200   -8.9607578247725D-01     0.0
   12.759200   -8.7073905993149D-01     0.0
   12.819200   -8.4623170853422D-01     0.0
   12.879200   -8.2252300466327D-01     0.0
   12.939200   -7.9958348943967D-01     0.0
   12.999200   -7.7738491175800D-01     0.0
   13.059200   -7.5590017408625D-01     0.0
   13.119200   -7.3510328089189D-01     0.0
   13.179200   -7.1496928955841D-01     0.0
   13.239200   -6.9547426366426D-01     0.0
   13.299200   -6.7659522850271D-01     0.0
   13.359200   -6.5831012872804D-01     0.0
   13.419200   -6.4059778801936D-01     0.0
   13.479200   -6.2343787065954D-01     0.0
   13.539200   -6.0681084493189D-01     0.0
   13.599200   -5.9069794824268D-01     0.0
   13.659200   -5.7508115388251D-01     0.0
   13.719200   -5.5994313934398D-01     0.0
   13.779200   -5.4526725611771D-01     0.0
   13.839200   -5.3103750089278D-01     0.0
   13.899200   -5.1723848809165D-01     0.0
   13.959200   -5.0385542367327D-01     0.0
   14.019200   -4.9087408014154D-01     0.0
   14.079200   -4.7828077269963D-01     0.0
   14.139200   -4.6606233649381D-01     0.0
   14.199200   -4.5420610489342D-01     0.0
   14.259200   -4.4269988875609D-01     0.0
   14.319200   -4.3153195663057D-01     0.0
   14.379200   -4.2069101585116D-01     0.0
   14.439200   -4.1016619448106D-01     0.0
   14.499200   -3.9994702406325D-01     0.0
   14.559200   -3.9002342314037D-01     0.0
   14.619200   -3.8038568150649D-01     0.0
   14.679200   -3.7102444515598D-01     0.0
   14.739200   -3.6193070189618D-01     0.0
   14.799200   -3.5309576759232D-01     0.0
   14.859200   -3.4451127301489D-01     0.0
   14.919200   -3.3616915126094D-01     0.0
   14.979200   -3.2806162572240D-01     0.0
   15.039200   -3.2018119857574D-01     0.0
   15.099200   -3.1252063976860D-01     0.0
   15.159200   -3.0507297648044D-01     0.0
   15.219200   -2.9783148303490D-01     0.0
   15.279200   -2.9078967124335D-01     0.0
   15.339200   -2.8394128115945D-01     0.0
   15.399200   -2.7728027222603D-01     0.0
   15.459200   -2.7080081479627D-01     0.0
   15.519200   -2.6449728201206D-01     0.0
   15.579200   -2.5836424202344D-01     0.0
   15.639200   -2.5239645053346D-01     0.0
   15.699200   -2.4658884365393D-01     0.0
   15.759200   -2.4093653105798D-01     0.0
   15.819200   -2.3543478941609D-01     0.0
   15.879200   -2.3007905610306D-01     0.0
   15.939200   -2.2486492316358D-01     0.0
   15.999200   -2.1978813152522D-01     0.0
   16.059200   -2.1484456544760D-01     0.0
   16.119200   -2.1003024719752D-01     0.0
   16.179200   -2.0534133194004D-01     0.0
   16.239200   -2.0077410283595D-01     0.0
   16.299200   -1.9632496633682D-01     0.0
   16.359200   -1.9199044766881D-01     0.0
   16.419200   -1.8776718649717D-01     0.0
   16.479200   -1.8365193276358D-01     0.0
   16.539200   -1.7964154268885D-01     0.0
   16.599200   -1.7573297493399D-01     0.0
   16.659200   -1.7192328691260D-01     0.0
   16.719200   -1.6820963124845D-01     0.0
   16.779200   -1.6458925237186D-01     0.0
   16.839200   -1.6105948324898D-01     0.0
   16.899200   -1.5761774223850D-01     0.0
   16.959200   -1.5426153007026D-01     0.0
   17.019200   -1.5098842694076D-01     0.0
   17.079200   -1.4779608972059D-01     0.0
   17.139200   -1.4468224926912D-01     0.0
   17.199200   -1.4164470785209D-01     0.0
   17.259200   -1.3868133665763D-01     0.0
   17.319200   -1.3579007340690D-01     0.0
   17.379200   -1.3296892005515D-01     0.0
   17.439200   -1.3021594057982D-01     0.0
   17.499200   -1.2752925885179D-01     0.0
   17.559200   -1.2490705658665D-01     0.0
   17.619200   -1.2234757137259D-01     0.0
   17.679200   -1.1984909477178D-01     0.0
   17.739200   -1.1740997049244D-01     0.0
   17.799200   -1.1502859262855D-01     0.0
   17.859200   -1.1270340396460D-01     0.0
   17.919200   -1.1043289434277D-01     0.0
   17.979200   -1.0821559908996D-01     0.0
   18.039200   -1.0605009750244D-01     0.0
   18.099200   -1.0393501138570D-01     0.0
   18.159200   -1.0186900364736D-01     0.0
   18.219200   -9.9850776941078D-02     0.0
   18.279200   -9.7879072359428D-02     0.0
   18.339200   -9.5952668173811D-02     0.0
   18.399200   -9.4070378619601D-02     0.0
   18.459200   -9.2231052724747D-02     0.0
   18.519200   -9.0433573180128D-02     0.0
   18.579200   -8.8676855250082D-02     0.0
   18.639200   -8.6959845721526D-02     0.0
   18.699200   -8.5281521890199D-02     0.0
   18.759200   -8.3640890582614D-02     0.0
   18.819200   -8.2036987212322D-02     0.0
   18.879200   -8.0468874869225D-02     0.0
   18.939200   -7.8935643440643D-02     0.0
   18.999200   -7.7436408762959D-02     0.0
   19.059200   -7.5970311802673D-02     0.0
   19.119200   -7.4536517865769D-02     0.0
   19.179200   -7.3134215834319D-02     0.0
   19.239200   -7.1762617429319D-02     0.0
   19.299200   -7.0420956498773D-02     0.0
   19.359200   -6.9108488330078D-02     0.0
   19.419200   -6.7824488985834D-02     0.0
   19.479200   -6.6568254662170D-02     0.0
   19.539200   -6.5339101068808D-02     0.0
   19.599200   -6.4136362830027D-02     0.0
   19.659200   -6.2959392905775D-02     0.0
   19.719200   -6.1807562032195D-02     0.0
   19.779200   -6.0680258180858D-02     0.0
   19.839200   -5.9576886036021D-02     0.0
   19.899200   -5.8496866489252D-02     0.0
   19.959200   -5.7439636150809D-02     0.0
   20.019200   -5.6404646877158D-02     0.0
   20.079200   -5.5391365314057D-02     0.0
   20.139200   -5.4399272454641D-02     0.0
   20.199200   -5.3427863211988D-02     0.0
   20.259200   -5.2476646005633D-02     0.0
   20.319200   -5.1545142361550D-02     0.0
   20.379200   -5.0632886525115D-02     0.0
   20.439200   -4.9739425086594D-02     0.0
   20.499200   -4.8864316618730D-02     0.0
   20.559200   -4.8007131325975D-02     0.0
   20.619200   -4.7167450704993D-02     0.0
   20.679200   -4.6344867216019D-02     0.0
   20.739200   -4.5538983964696D-02     0.0
   20.799200   -4.4749414394051D-02     0.0
   20.859200   -4.3975781986224D-02     0.0
   20.919200   -4.3217719973644D-02     0.0
   20.979200   -4.2474871059308D-02     0.0
   21.039200   -4.1746887145863D-02     0.0
   21.099200   -4.1033429073184D-02     0.0
   21.159200   -4.0334166364153D-02     0.0
   21.219200   -3.9648776978381D-02     0.0
   21.279200   -3.8976947073573D-02     0.0
   21.339200   -3.8318370774304D-02     0.0
   21.399200   -3.7672749947947D-02     0.0
   21.459200   -3.7039793987503D-02     0.0
   21.519200   -3.6419219601122D-02     0.0
   21.579200   -3.5810750608067D-02     0.0
   21.639200   -3.5214117740929D-02     0.0
   21.699200   -3.4629058453872D-02     0.0
   21.759200   -3.4055316736706D-02     0.0
   21.819200   -3.3492642934608D-02     0.0
   21.879200   -3.2940793573289D-02     0.0
   21.939200   -3.2399531189444D-02     0.0
   21.999200   -3.1868624166296D-02     0.0
   22.059200   -3.1347846574077D-02     0.0
   22.119200   -3.0836978015289D-02     0.0
   22.179200   -3.0335803474571D-02     0.0
   22.239200   -2.9844113173044D-02     0.0
   22.299200   -2.9361702426977D-02     0.0
   22.359200   -2.8888371510640D-02     0.0
   22.419200   -2.8423925523197D-02     0.0
   22.479200   -2.7968174259531D-02     0.0
   22.539200   -2.7520932084855D-02     0.0
   22.599200   -2.7082017812998D-02     0.0
   22.659200   -2.6651254588246D-02     0.0
   22.719200   -2.6228469770627D-02     0.0
   22.779200   -2.5813494824530D-02     0.0
   22.839200   -2.5406165210550D-02     0.0
   22.899200   -2.5006320280460D-02     0.0
   22.959200   -2.4613803175215D-02     0.0
   23.019200   -2.4228460725884D-02     0.0
   23.079200   -2.3850143357428D-02     0.0
   23.139200   -2.3478704995225D-02     0.0
   23.199200   -2.3114002974270D-02     0.0
   23.259200   -2.2755897950953D-02     0.0
   23.319200   -2.2404253817346D-02     0.0
   23.379200   -2.2058937617909D-02     0.0
   23.439200   -2.1719819468560D-02     0.0
   23.499200   -2.1386772478019D-02     0.0
   23.559200   -2.1059672671355D-02     0.0
   23.619200   -2.0738398915692D-02     0.0
   23.679200   -2.0422832847975D-02     0.0
   23.739200   -2.0112858804763D-02     0.0
   23.799200   -1.9808363753968D-02     0.0
   23.859200   -1.9509237228488D-02     0.0
   23.919200   -1.9215371261683D-02     0.0
   23.979200   -1.8926660324623D-02     0.0
   24.039200   -1.8643001265072D-02     0.0
   24.099200   -1.8364293248142D-02     0.0
   24.159200   -1.8090437698577D-02     0.0
   24.219200   -1.7821338244617D-02     0.0
   24.279200   -1.7556900663380D-02     0.0
   24.339200   -1.7297032827748D-02     0.0
   24.399200   -1.7041644654679D-02     0.0
   24.459200   -1.6790648054921D-02     0.0
   24.519200   -1.6543956884092D-02     0.0
   24.579200   -1.6301486895066D-02     0.0
   24.639200   -1.6063155691647D-02     0.0
   24.699200   -1.5828882683476D-02     0.0
   24.759200   -1.5598589042154D-02     0.0
   24.819200   -1.5372197658524D-02     0.0
   24.879200   -1.5149633101102D-02     0.0
   24.939200   -1.4930821575596D-02     0.0
   24.999200   -1.4715690885511D-02     0.0
   25.059200   -1.4504170393790D-02     0.0
   25.119200   -1.4296190985458D-02     0.0
   25.179200   -1.4091685031261D-02     0.0
   25.239200   -1.3890586352250D-02     0.0
   25.299200   -1.3692830185290D-02     0.0
   25.359200   -1.3498353149480D-02     0.0
   25.419200   -1.3307093213434D-02     0.0
   25.479200   -1.3118989663424D-02     0.0
   25.539200   -1.2933983072336D-02     0.0
   25.599200   -1.2752015269442D-02     0.0
   25.659200   -1.2573029310941D-02     0.0
   25.719200   -1.2396969451264D-02     0.0
   25.779200   -1.2223781115114D-02     0.0
   25.839200   -1.2053410870222D-02     0.0
   25.899200   -1.1885806400798D-02     0.0
   25.959200   -1.1720916481663D-02     0.0
   26.019200   -1.1558690953034D-02     0.0
   26.079200   -1.1399080695952D-02     0.0
   26.139200   -1.1242037608330D-02     0.0
   26.199200   -1.1087514581610D-02     0.0
   26.259200   -1.0935465478003D-02     0.0
   26.319200   -1.0785845108305D-02     0.0
   26.379200   -1.0638609210267D-02     0.0
   26.439200   -1.0493714427512D-02     0.0
   26.499200   -1.0351118288967D-02     0.0
   26.559200   -1.0210779188823D-02     0.0
   26.619200   -1.0072656366979D-02     0.0
   26.679200   -9.9367098899814D-03     0.0
   26.739200   -9.8029006324264D-03     0.0
   26.799200   -9.6711902588297D-03     0.0
   26.859200   -9.5415412059379D-03     0.0
   26.919200   -9.4139166654760D-03     0.0
   26.979200   -9.2882805673179D-03     0.0
   27.039200   -9.1645975630698D-03     0.0
   27.099200   -9.0428330100526D-03     0.0
   27.159200   -8.9229529556765D-03     0.0
   27.219200   -8.8049241221939D-03     0.0
   27.279200   -8.6887138918230D-03     0.0
   27.339200   -8.5742902922317D-03     0.0
   27.399200   -8.4616219823703D-03     0.0
   27.459200   -8.3506782386485D-03     0.0
   27.519200   -8.2414289414417D-03     0.0
   27.579200   -8.1338445619236D-03     0.0
   27.639200   -8.0278961492119D-03     0.0
   27.699200   -7.9235553178228D-03     0.0
   27.759200   -7.8207942354230D-03     0.0
   27.819200   -7.7195856108745D-03     0.0
   27.879200   -7.6199026825618D-03     0.0
   27.939200   -7.5217192069959D-03     0.0
   27.999200   -7.4250094476886D-03     0.0
   28.059200   -7.3297481642874D-03     0.0
   28.119200   -7.2359106019674D-03     0.0
   28.179200   -7.1434724810717D-03     0.0
   28.239200   -7.0524099869944D-03     0.0
   28.299200   -6.9626997603003D-03     0.0
   28.359200   -6.8743188870756D-03     0.0
   28.419200   -6.7872448895016D-03     0.0
   28.479200   -6.7014557166498D-03     0.0
   28.539200   -6.6169297354878D-03     0.0
   28.599200   -6.5336457220955D-03     0.0
   28.659200   -6.4515828530823D-03     0.0
   28.719200   -6.3707206972031D-03     0.0
   28.779200   -6.2910392071666D-03     0.0
   28.839200   -6.2125187116315D-03     0.0
   28.899200   -6.1351399073859D-03     0.0
   28.959200   -6.0588838517056D-03     0.0
   29.019200   -5.9837319548860D-03     0.0
   29.079200   -5.9096659729449D-03     0.0
   29.139200   -5.8366680004895D-03     0.0
   29.199200   -5.7647204637466D-03     0.0
   29.259200   -5.6938061137490D-03     0.0
   29.319200   -5.6239080196764D-03     0.0
   29.379200   -5.5550095623461D-03     0.0
   29.439200   -5.4870944278497D-03     0.0
   29.499200   -5.4201466013328D-03     0.0
   29.559200   -5.3541503609137D-03     0.0
   29.619200   -5.2890902717376D-03     0.0
   29.679200   -5.2249511801641D-03     0.0
   29.739200   -5.1617182080835D-03     0.0
   29.799200   -5.0993767473585D-03     0.0
   29.859200   -5.0379124543910D-03     0.0
   29.919200   -4.9773112448067D-03     0.0
   29.979200   -4.9175592882584D-03     0.0
   30.039200   -4.8586430033437D-03     0.0
   30.099200   -4.8005490526335D-03     0.0
   30.159200   -4.7432643378103D-03     0.0
   30.219200   -4.6867759949127D-03     0.0
   30.279200   -4.6310713896835D-03     0.0
   30.339200   -4.5761381130197D-03     0.0
   30.399200   -4.5219639765208D-03     0.0
   30.459200   -4.4685370081346D-03     0.0
   30.519200   -4.4158454478966D-03     0.0
   30.579200   -4.3638777437618D-03     0.0
   30.639200   -4.3126225475269D-03     0.0
   30.699200   -4.2620687108393D-03     0.0
   30.759200   -4.2122052812932D-03     0.0
   30.819200   -4.1630214986082D-03     0.0
   30.879200   -4.1145067908912D-03     0.0
   30.939200   -4.0666507709762D-03     0.0
   30.999200   -4.0194432328441D-03     0.0
   31.059200   -3.9728741481180D-03     0.0
   31.119200   -3.9269336626324D-03     0.0
   31.179200   -3.8816120930759D-03     0.0
   31.239200   -3.8368999237049D-03     0.0
   31.299200   -3.7927878031262D-03     0.0
   31.359200   -3.7492665411483D-03     0.0
   31.419200   -3.7063271056978D-03     0.0
   31.479200   -3.6639606198019D-03     0.0
   31.539200   -3.6221583586329D-03     0.0
   31.599200   -3.5809117466156D-03     0.0
   31.659200   -3.5402123545944D-03     0.0
   31.719200   -3.5000518970596D-03     0.0
   31.779200   -3.4604222294318D-03     0.0
   31.839200   -3.4213153454022D-03     0.0
   31.899200   -3.3827233743279D-03     0.0
   31.959200   -3.3446385786823D-03     0.0
   32.019200   -3.3070533515559D-03     0.0
   32.079200   -3.2699602142117D-03     0.0
   32.139200   -3.2333518136873D-03     0.0
   32.199200   -3.1972209204492D-03     0.0
   32.259200   -3.1615604260940D-03     0.0
   32.319200   -3.1263633410961D-03     0.0
   32.379200   -3.0916227926025D-03     0.0
   32.439200   -3.0573320222716D-03     0.0
   32.499200   -3.0234843841569D-03     0.0
   32.559200   -2.9900733426323D-03     0.0
   32.619200   -2.9570924703611D-03     0.0
   32.679200   -2.9245354463048D-03     0.0
   32.739200   -2.8923960537726D-03     0.0
   32.799200   -2.8606681785104D-03     0.0
   32.859200   -2.8293458068276D-03     0.0
   32.919200   -2.7984230237624D-03     0.0
   32.979200   -2.7678940112834D-03     0.0
   33.039200   -2.7377530465266D-03     0.0
   33.099200   -2.7079945000688D-03     0.0
   33.159200   -2.6786128342348D-03     0.0
   33.219200   -2.6496026014379D-03     0.0
   33.279200   -2.6209584425541D-03     0.0
   33.339200   -2.5926750853281D-03     0.0
   33.399200   -2.5647473428111D-03     0.0
   33.459200   -2.5371701118289D-03     0.0
   33.519200   -2.5099383714812D-03     0.0
   33.579200   -2.4830471816692D-03     0.0
   33.639200   -2.4564916816534D-03     0.0
   33.699200   -2.4302670886389D-03     0.0
   33.759200   -2.4043686963880D-03     0.0
   33.819200   -2.3787918738616D-03     0.0
   33.879200   -2.3535320638850D-03     0.0
   33.939200   -2.3285847818411D-03     0.0
   33.999200   -2.3039456143885D-03     0.0
   34.059200   -2.2796102182047D-03     0.0
   34.119200   -2.2555743187532D-03     0.0
   34.179200   -2.2318337090752D-03     0.0
   34.239200   -2.2083842486037D-03     0.0
   34.299200   -2.1852218620011D-03     0.0
   34.359200   -2.1623425380190D-03     0.0
   34.419200   -2.1397423283799D-03     0.0
   34.479200   -2.1174173466802D-03     0.0
   34.539200   -2.0953637673144D-03     0.0
   34.599200   -2.0735778244197D-03     0.0
   34.659200   -2.0520558108406D-03     0.0
   34.719200   -2.0307940771138D-03     0.0
   34.779200   -2.0097890304714D-03     0.0
   34.839200   -1.9890371338641D-03     0.0
   34.899200   -1.9685349050021D-03     0.0
   34.959200   -1.9482789154142D-03     0.0
   35.019200   -1.9282657895253D-03     0.0
   35.079200   -1.9084922037506D-03     0.0
   35.139200   -1.8889548856071D-03     0.0
   35.199200   -1.8696506128417D-03     0.0
   35.259200   -1.8505762125756D-03     0.0
   35.319200   -1.8317285604651D-03     0.0
   35.379200   -1.8131045798774D-03     0.0
   35.439200   -1.7947012410825D-03     0.0
   35.499200   -1.7765155604594D-03     0.0
   35.559200   -1.7585445997179D-03     0.0
   35.619200   -1.7407854651338D-03     0.0
   35.679200   -1.7232353067993D-03     0.0
   35.739200   -1.7058913178866D-03     0.0
   35.799200   -1.6887507339253D-03     0.0
   35.859200   -1.6718108320931D-03     0.0
   35.919200   -1.6550689305194D-03     0.0
   35.979200   -1.6385223876022D-03     0.0
   36.039200   -1.6221686013368D-03     0.0
   36.099200   -1.6060050086574D-03     0.0
   36.159200   -1.5900290847902D-03     0.0
   36.219200   -1.5742383426189D-03     0.0
   36.279200   -1.5586303320611D-03     0.0
   36.339200   -1.5432026394568D-03     0.0
   36.399200   -1.5279528869670D-03     0.0
   36.459200   -1.5128787319843D-03     0.0
   36.519200   -1.4979778665533D-03     0.0
   36.579200   -1.4832480168021D-03     0.0
   36.639200   -1.4686869423833D-03     0.0
   36.699200   -1.4542924359261D-03     0.0
   36.759200   -1.4400623224971D-03     0.0
   36.819200   -1.4259944590717D-03     0.0
   36.879200   -1.4120867340144D-03     0.0
   36.939200   -1.3983370665690D-03     0.0
   36.999200   -1.3847434063570D-03     0.0
   37.059200   -1.3713037328855D-03     0.0
   37.119200   -1.3580160550644D-03     0.0
   37.179200   -1.3448784107308D-03     0.0
   37.239200   -1.3318888661831D-03     0.0
   37.299200   -1.3190455157228D-03     0.0
   37.359200   -1.3063464812044D-03     0.0
   37.419200   -1.2937899115935D-03     0.0
   37.479200   -1.2813739825321D-03     0.0
   37.539200   -1.2690968959125D-03     0.0
   37.599200   -1.2569568794578D-03     0.0
   37.659200   -1.2449521863103D-03     0.0
   37.719200   -1.2330810946265D-03     0.0
   37.779200   -1.2213419071804D-03     0.0
   37.839200   -1.2097329509720D-03     0.0
   37.899200   -1.1982525768444D-03     0.0
   37.959200   -1.1868991591060D-03     0.0
   38.019200   -1.1756710951604D-03     0.0
   38.079200   -1.1645668051423D-03     0.0
   38.139200   -1.1535847315594D-03     0.0
   38.199200   -1.1427233389411D-03     0.0
   38.259200   -1.1319811134928D-03     0.0
   38.319200   -1.1213565627564D-03     0.0
   38.379200   -1.1108482152765D-03     0.0
   38.439200   -1.1004546202724D-03     0.0
   38.499200   -1.0901743473159D-03     0.0
   38.559200   -1.0800059860141D-03     0.0
   38.619200   -1.0699481456984D-03     0.0
   38.679200   -1.0599994551180D-03     0.0
   38.739200   -1.0501585621393D-03     0.0
   38.799200   -1.0404241334498D-03     0.0
   38.859200   -1.0307948542678D-03     0.0
   38.919200   -1.0212694280561D-03     0.0
   38.979200   -1.0118465762415D-03     0.0
   39.039200   -1.0025250379383D-03     0.0
   39.099200   -9.9330356967667D-04     0.0
   39.159200   -9.8418094513609D-04     0.0
   39.219200   -9.7515595488246D-04     0.0
   39.279200   -9.6622740611026D-04     0.0
   39.339200   -9.5739412238874D-04     0.0
   39.399200   -9.4865494341253D-04     0.0
   39.459200   -9.4000872475625D-04     0.0
   39.519200   -9.3145433763341D-04     0.0
   39.579200   -9.2299066865917D-04     0.0
   39.639200   -9.1461661961714D-04     0.0
   39.699200   -9.0633110723006D-04     0.0
   39.759200   -8.9813306293423D-04     0.0
   39.819200   -8.9002143265776D-04     0.0
   39.879200   -8.8199517660246D-04     0.0
   39.939200   -8.7405326902926D-04     0.0
   39.999200   -8.6619469804737D-04     0.0
   40.059200   -8.5841846540664D-04     0.0
   40.119200   -8.5072358629361D-04     0.0
   40.179200   -8.4310908913072D-04     0.0
   40.239200   -8.3557401537893D-04     0.0
   40.299200   -8.2811741934348D-04     0.0
   40.359200   -8.2073836798295D-04     0.0
   40.419200   -8.1343594072128D-04     0.0
   40.479200   -8.0620922926303D-04     0.0
   40.539200   -7.9905733741149D-04     0.0
   40.599200   -7.9197938088990D-04     0.0
   40.659200   -7.8497448716543D-04     0.0
   40.719200   -7.7804179527612D-04     0.0
   40.779200   -7.7118045566056D-04     0.0
   40.839200   -7.6438962999039D-04     0.0
   40.899200   -7.5766849100541D-04     0.0
   40.959200   -7.5101622235144D-04     0.0
   41.019200   -7.4443201842074D-04     0.0
   41.079200   -7.3791508419502D-04     0.0
   41.139200   -7.3146463509090D-04     0.0
   41.199200   -7.2507989680800D-04     0.0
   41.259200   -7.1876010517928D-04     0.0
   41.319200   -7.1250450602392D-04     0.0
   41.379200   -7.0631235500244D-04     0.0
   41.439200   -7.0018291747418D-04     0.0
   41.499200   -6.9411546835708D-04     0.0
   41.559200   -6.8810929198961D-04     0.0
   41.619200   -6.8216368199496D-04     0.0
   41.679200   -6.7627794114728D-04     0.0
   41.739200   -6.7045138124026D-04     0.0
   41.799200   -6.6468332295744D-04     0.0
   41.859200   -6.5897309574491D-04     0.0
   41.919200   -6.5332003768583D-04     0.0
   41.979200   -6.4772349537689D-04     0.0
   42.039200   -6.4218282380688D-04     0.0
   42.099200   -6.3669738623699D-04     0.0
   42.159200   -6.3126655408310D-04     0.0
   42.219200   -6.2588970679985D-04     0.0
   42.279200   -6.2056623176654D-04     0.0
   42.339200   -6.1529552417484D-04     0.0
   42.399200   -6.1007698691817D-04     0.0
   42.459200   -6.0491003048288D-04     0.0
   42.519200   -5.9979407284109D-04     0.0
   42.579200   -5.9472853934516D-04     0.0
   42.639200   -5.8971286262388D-04     0.0
   42.699200   -5.8474648248017D-04     0.0
   42.759200   -5.7982884579036D-04     0.0
   42.819200   -5.7495940640519D-04     0.0
   42.879200   -5.7013762505205D-04     0.0
   42.939200   -5.6536296923900D-04     0.0
   42.999200   -5.6063491316010D-04     0.0
   43.059200   -5.5595293760220D-04     0.0
   43.119200   -5.5131652985328D-04     0.0
   43.179200   -5.4672518361200D-04     0.0
   43.239200   -5.4217839889885D-04     0.0
   43.299200   -5.3767568196842D-04     0.0
   43.359200   -5.3321654522321D-04     0.0
   43.419200   -5.2880050712865D-04     0.0
   43.479200   -5.2442709212942D-04     0.0
   43.539200   -5.2009583056702D-04     0.0
   43.599200   -5.1580625859867D-04     0.0
   43.659200   -5.1155791811733D-04     0.0
   43.719200   -5.0735035667302D-04     0.0
   43.779200   -5.0318312739525D-04     0.0
   43.839200   -4.9905578891666D-04     0.0
   43.899200   -4.9496790529783D-04     0.0
   43.959200   -4.9091904595317D-04     0.0
   44.019200   -4.8690878557791D-04     0.0
   44.079200   -4.8293670407630D-04     0.0
   44.139200   -4.7900238649072D-04     0.0
   44.199200   -4.7510542293195D-04     0.0
   44.259200   -4.7124540851049D-04     0.0
   44.319200   -4.6742194326882D-04     0.0
   44.379200   -4.6363463211479D-04     0.0
   44.439200   -4.5988308475585D-04     0.0
   44.499200   -4.5616691563439D-04     0.0
   44.559200   -4.5248574386397D-04     0.0
   44.619200   -4.4883919316648D-04     0.0
   44.679200   -4.4522689181031D-04     0.0
   44.739200   -4.4164847254932D-04     0.0
   44.799200   -4.3810357256279D-04     0.0
   44.859200   -4.3459183339625D-04     0.0
   44.919200   -4.3111290090313D-04     0.0
   44.979200   -4.2766642518732D-04     0.0
   45.039200   -4.2425206054651D-04     0.0
   45.099200   -4.2086946541644D-04     0.0
   45.159200   -4.1751830231593D-04     0.0
   45.219200   -4.1419823779263D-04     0.0
   45.279200   -4.1090894236974D-04     0.0
   45.339200   -4.0765009049331D-04     0.0
   45.399200   -4.0442136048048D-04     0.0
   45.459200   -4.0122243446829D-04     0.0
   45.519200   -3.9805299836343D-04     0.0
   45.579200   -3.9491274179259D-04     0.0
   45.639200   -3.9180135805351D-04     0.0
   45.699200   -3.8871854406686D-04     0.0
   45.759200   -3.8566400032866D-04     0.0
   45.819200   -3.8263743086354D-04     0.0
   45.879200   -3.7963854317856D-04     0.0
   45.939200   -3.7666704821773D-04     0.0
   45.999200   -3.7372266031717D-04     0.0
   46.059200   -3.7080509716099D-04     0.0
   46.119200   -3.6791407973763D-04     0.0
   46.179200   -3.6504933229705D-04     0.0
   46.239200   -3.6221058230832D-04     0.0
   46.299200   -3.5939756041797D-04     0.0
   46.359200   -3.5661000040882D-04     0.0
   46.419200   -3.5384763915949D-04     0.0
   46.479200   -3.5111021660441D-04     0.0
   46.539200   -3.4839747569445D-04     0.0
   46.599200   -3.4570916235805D-04     0.0
   46.659200   -3.4304502546299D-04     0.0
   46.719200   -3.4040481677862D-04     0.0
   46.779200   -3.3778829093860D-04     0.0
   46.839200   -3.3519520540433D-04     0.0
   46.899200   -3.3262532042865D-04     0.0
   46.959200   -3.3007839902025D-04     0.0
   47.019200   -3.2755420690853D-04     0.0
   47.079200   -3.2505251250884D-04     0.0
   47.139200   -3.2257308688841D-04     0.0
   47.199200   -3.2011570373255D-04     0.0
   47.259200   -3.1768013931148D-04     0.0
   47.319200   -3.1526617244752D-04     0.0
   47.379200   -3.1287358448279D-04     0.0
   47.439200   -3.1050215924735D-04     0.0
   47.499200   -3.0815168302779D-04     0.0
   47.559200   -3.0582194453620D-04     0.0
   47.619200   -3.0351273487967D-04     0.0
   47.679200   -3.0122384753011D-04     0.0
   47.739200   -2.9895507829456D-04     0.0
   47.799200   -2.9670622528588D-04     0.0
   47.859200   -2.9447708889384D-04     0.0
   47.919200   -2.9226747175663D-04     0.0
   47.979200   -2.9007717873274D-04     0.0
   48.039200   -2.8790601687321D-04     0.0
   48.099200   -2.8575379539433D-04     0.0
   48.159200   -2.8362032565066D-04     0.0
   48.219200   -2.8150542110839D-04     0.0
   48.279200   -2.7940889731914D-04     0.0
   48.339200   -2.7733057189409D-04     0.0
   48.399200   -2.7527026447839D-04     0.0
   48.459200   -2.7322779672608D-04     0.0
   48.519200   -2.7120299227517D-04     0.0
   48.579200   -2.6919567672315D-04     0.0
   48.639200   -2.6720567760289D-04     0.0
   48.699200   -2.6523282435873D-04     0.0
   48.759200   -2.6327694832299D-04     0.0
   48.819200   -2.6133788269276D-04     0.0
   48.879200   -2.5941546250706D-04     0.0
   48.939200   -2.5750952462421D-04     0.0
   48.999200   -2.5561990769956D-04     0.0
   49.059200   -2.5374645216358D-04     0.0
   49.119200   -2.5188900020009D-04     0.0
   49.179200   -2.5004739572494D-04     0.0
   49.239200   -2.4822148436491D-04     0.0
   49.299200   -2.4641111343685D-04     0.0
   49.359200   -2.4461613192717D-04     0.0
   49.419200   -2.4283639047157D-04     0.0
   49.479200   -2.4107174133506D-04     0.0
   49.539200   -2.3932203839220D-04     0.0
   49.599200   -2.3758713710765D-04     0.0
   49.659200   -2.3586689451699D-04     0.0
   49.719200   -2.3416116920772D-04     0.0
   49.779200   -2.3246982130059D-04     0.0
   49.839200   -2.3079271243114D-04     0.0
   49.899200   -2.2912970573149D-04     0.0
   49.959200   -2.2748066581238D-04     0.0
   50.019200   -2.2584545874541D-04     0.0
   50.079200   -2.2422395204559D-04     0.0
   50.139200   -2.2261601465403D-04     0.0
   50.199200   -2.2102151692093D-04     0.0
   50.259200   -2.1944033058872D-04     0.0
   50.319200   -2.1787232877552D-04     0.0
   50.379200   -2.1631738595873D-04     0.0
   50.439200   -2.1477537795886D-04     0.0
   50.499200   -2.1324618192360D-04     0.0
   50.559200   -2.1172967631204D-04     0.0
   50.619200   -2.1022574087918D-04     0.0
   50.679200   -2.0873425666054D-04     0.0
   50.739200   -2.0725510595707D-04     0.0
   50.799200   -2.0578817232017D-04     0.0
   50.859200   -2.0433334053697D-04     0.0
   50.919200   -2.0289049661574D-04     0.0
   50.979200   -2.0145952777158D-04     0.0
   51.039200   -2.0004032241218D-04     0.0
   51.099200   -1.9863277012384D-04     0.0
   51.159200   -1.9723676165767D-04     0.0
   51.219200   -1.9585218891594D-04     0.0
   51.279200   -1.9447894493859D-04     0.0
   51.339200   -1.9311692388998D-04     0.0
   51.399200   -1.9176602104573D-04     0.0
   51.459200   -1.9042613277981D-04     0.0
   51.519200   -1.8909715655170D-04     0.0
   51.579200   -1.8777899089383D-04     0.0
   51.639200   -1.8647153539906D-04     0.0
   51.699200   -1.8517469070840D-04     0.0
   51.759200   -1.8388835849889D-04     0.0
   51.819200   -1.8261244147156D-04     0.0
   51.879200   -1.8134684333962D-04     0.0
   51.939200   -1.8009146881677D-04     0.0
   51.999200   -1.7884622360567D-04     0.0
   52.059200   -1.7761101438652D-04     0.0
   52.119200   -1.7638574880582D-04     0.0
   52.179200   -1.7517033546529D-04     0.0
   52.239200   -1.7396468391085D-04     0.0
   52.299200   -1.7276870462183D-04     0.0
   52.359200   -1.7158230900030D-04     0.0
   52.419200   -1.7040540936044D-04     0.0
   52.479200   -1.6923791891819D-04     0.0
   52.539200   -1.6807975178089D-04     0.0
   52.599200   -1.6693082293719D-04     0.0
   52.659200   -1.6579104824694D-04     0.0
   52.719200   -1.6466034443133D-04     0.0
   52.779200   -1.6353862906307D-04     0.0
   52.839200   -1.6242582055674D-04     0.0
   52.899200   -1.6132183815925D-04     0.0
   52.959200   -1.6022660194040D-04     0.0
   53.019200   -1.5914003278357D-04     0.0
   53.079200   -1.5806205237656D-04     0.0
   53.139200   -1.5699258320246D-04     0.0
   53.199200   -1.5593154853073D-04     0.0
   53.259200   -1.5487887240830D-04     0.0
   53.319200   -1.5383447965087D-04     0.0
   53.379200   -1.5279829583426D-04     0.0
   53.439200   -1.5177024728585D-04     0.0
   53.499200   -1.5075026107617D-04     0.0
   53.559200   -1.4973826501063D-04     0.0
   53.619200   -1.4873418762119D-04     0.0
   53.679200   -1.4773795815836D-04     0.0
   53.739200   -1.4674950658311D-04     0.0
   53.799200   -1.4576876355896D-04     0.0
   53.859200   -1.4479566044416D-04     0.0
   53.919200   -1.4383012928400D-04     0.0
   53.979200   -1.4287210280310D-04     0.0
   54.039200   -1.4192151439795D-04     0.0
   54.099200   -1.4097829812942D-04     0.0
   54.159200   -1.4004238871538D-04     0.0
   54.219200   -1.3911372152350D-04     0.0
   54.279200   -1.3819223256402D-04     0.0
   54.339200   -1.3727785848266D-04     0.0
   54.399200   -1.3637053655363D-04     0.0
   54.459200   -1.3547020467271D-04     0.0
   54.519200   -1.3457680135040D-04     0.0
   54.579200   -1.3369026570519D-04     0.0
   54.639200   -1.3281053745682D-04     0.0
   54.699200   -1.3193755691979D-04     0.0
   54.759200   -1.3107126499676D-04     0.0
   54.819200   -1.3021160317217D-04     0.0
   54.879200   -1.2935851350583D-04     0.0
   54.939200   -1.2851193862670D-04     0.0
   54.999200   -1.2767182172663D-04     0.0
   55.059200   -1.2683810655426D-04     0.0
   55.119200   -1.2601073740897D-04     0.0
   55.179200   -1.2518965913485D-04     0.0
   55.239200   -1.2437481711484D-04     0.0
   55.299200   -1.2356615726484D-04     0.0
   55.359200   -1.2276362602797D-04     0.0
   55.419200   -1.2196717036885D-04     0.0
   55.479200   -1.2117673776796D-04     0.0
   55.539200   -1.2039227621608D-04     0.0
   55.599200   -1.1961373420877D-04     0.0
   55.659200   -1.1884106074096D-04     0.0
   55.719200   -1.1807420530154D-04     0.0
   55.779200   -1.1731311786807D-04     0.0
   55.839200   -1.1655774890154D-04     0.0
   55.899200   -1.1580804934116D-04     0.0
   55.959200   -1.1506397059923D-04     0.0
   56.019200   -1.1432546455613D-04     0.0
   56.079200   -1.1359248355525D-04     0.0
   56.139200   -1.1286498039807D-04     0.0
   56.199200   -1.1214290833928D-04     0.0
   56.259200   -1.1142622108195D-04     0.0
   56.319200   -1.1071487277272D-04     0.0
   56.379200   -1.1000881799713D-04     0.0
   56.439200   -1.0930801177493D-04     0.0
   56.499200   -1.0861240955548D-04     0.0
   56.559200   -1.0792196721318D-04     0.0
   56.619200   -1.0723664104299D-04     0.0
   56.679200   -1.0655638775596D-04     0.0
   56.739200   -1.0588116447485D-04     0.0
   56.799200   -1.0521092872977D-04     0.0
   56.859200   -1.0454563845389D-04     0.0
   56.919200   -1.0388525197919D-04     0.0
   56.979200   -1.0322972803227D-04     0.0
   57.039200   -1.0257902573020D-04     0.0
   57.099200   -1.0193310457639D-04     0.0
   57.159200   -1.0129192445659D-04     0.0
   57.219200   -1.0065544563484D-04     0.0
   57.279200   -1.0002362874953D-04     0.0
   57.339200   -9.9396434809482D-05     0.0
   57.399200   -9.8773825190063D-05     0.0
   57.459200   -9.8155761629389D-05     0.0
   57.519200   -9.7542206224515D-05     0.0
   57.579200   -9.6933121427718D-05     0.0
   57.639200   -9.6328470042790D-05     0.0
   57.699200   -9.5728215221386D-05     0.0
   57.759200   -9.5132320459413D-05     0.0
   57.819200   -9.4540749593464D-05     0.0
   57.879200   -9.3953466797278D-05     0.0
   57.939200   -9.3370436578265D-05     0.0
   57.999200   -9.2791623774040D-05     0.0
   58.059200   -9.2216993549026D-05     0.0
   58.119200   -9.1646511391073D-05     0.0
   58.179200   -9.1080143108131D-05     0.0
   58.239200   -9.0517854824949D-05     0.0
   58.299200   -8.9959612979816D-05     0.0
   58.359200   -8.9405384321346D-05     0.0
   58.419200   -8.8855135905288D-05     0.0
   58.479200   -8.8308835091371D-05     0.0
   58.539200   -8.7766449540200D-05     0.0
   58.599200   -8.7227947210174D-05     0.0
   58.659200   -8.6693296354437D-05     0.0
   58.719200   -8.6162465517875D-05     0.0
   58.779200   -8.5635423534131D-05     0.0
   58.839200   -8.5112139522673D-05     0.0
   58.899200   -8.4592582885874D-05     0.0
   58.959200   -8.4076723306142D-05     0.0
   59.019200   -8.3564530743069D-05     0.0
   59.079200   -8.3055975430621D-05     0.0
   59.139200   -8.2551027874356D-05     0.0
   59.199200   -8.2049658848672D-05     0.0
   59.259200   -8.1551839394085D-05     0.0
   59.319200   -8.1057540814543D-05     0.0
   59.379200   -8.0566734674761D-05     0.0
   59.439200   -8.0079392797592D-05     0.0
   59.499200   -7.9595487261428D-05     0.0
   59.559200   -7.9114990397624D-05     0.0
   59.619200   -7.8637874787955D-05     0.0
   59.679200   -7.8164113262097D-05     0.0
   59.739200   -7.7693678895146D-05     0.0
   59.799200   -7.7226545005147D-05     0.0
   59.859200   -7.6762685150669D-05     0.0
   59.919200   -7.6302073128393D-05     0.0
   59.979200   -7.5844682970733D-05     0.0
   60.039200   -7.5390488943481D-05     0.0
   60.099200   -7.4939465543478D-05     0.0
   60.159200   -7.4491587496315D-05     0.0
   60.219200   -7.4046829754049D-05     0.0
   60.279200   -7.3605167492953D-05     0.0
   60.339200   -7.3166576111293D-05     0.0
   60.399200   -7.2731031227111D-05     0.0
   60.459200   -7.2298508676060D-05     0.0
   60.519200   -7.1868984509238D-05     0.0
   60.579200   -7.1442434991060D-05     0.0
   60.639200   -7.1018836597145D-05     0.0
   60.699200   -7.0598166012235D-05     0.0
   60.759200   -7.0180400128126D-05     0.0
   60.819200   -6.9765516041627D-05     0.0
   60.879200   -6.9353491052546D-05     0.0
   60.939200   -6.8944302661686D-05     0.0
   60.999200   -6.8537928568872D-05     0.0
   61.059200   -6.8134346670998D-05     0.0
   61.119200   -6.7733535060090D-05     0.0
   61.179200   -6.7335472021396D-05     0.0
   61.239200   -6.6940136031494D-05     0.0
   61.299200   -6.6547505756421D-05     0.0
   61.359200   -6.6157560049819D-05     0.0
   61.419200   -6.5770277951105D-05     0.0
   61.479200   -6.5385638683658D-05     0.0
   61.539200   -6.5003621653030D-05     0.0
   61.599200   -6.4624206445167D-05     0.0
   61.659200   -6.4247372824662D-05     0.0
   61.719200   -6.3873100733010D-05     0.0
   61.779200   -6.3501370286901D-05     0.0
   61.839200   -6.3132161776512D-05     0.0
   61.899200   -6.2765455663836D-05     0.0
   61.959200   -6.2401232581009D-05     0.0
   62.019200   -6.2039473328673D-05     0.0
   62.079200   -6.1680158874345D-05     0.0
   62.139200   -6.1323270350806D-05     0.0
   62.199200   -6.0968789054511D-05     0.0
   62.259200   -6.0616696444008D-05     0.0
   62.319200   -6.0266974138384D-05     0.0
   62.379200   -5.9919603915716D-05     0.0
   62.439200   -5.9574567711551D-05     0.0
   62.499200   -5.9231847617385D-05     0.0
   62.559200   -5.8891425879180D-05     0.0
   62.619200   -5.8553284895879D-05     0.0
   62.679200   -5.8217407217938D-05     0.0
   62.739200   -5.7883775545888D-05     0.0
   62.799200   -5.7552372728898D-05     0.0
   62.859200   -5.7223181763349D-05     0.0
   62.919200   -5.6896185791445D-05     0.0
   62.979200   -5.6571368099815D-05     0.0
   63.039200   -5.6248712118143D-05     0.0
   63.099200   -5.5928201417806D-05     0.0
   63.159200   -5.5609819710532D-05     0.0
   63.219200   -5.5293550847068D-05     0.0
   63.279200   -5.4979378815860D-05     0.0
   63.339200   -5.4667287741754D-05     0.0
   63.399200   -5.4357261884699D-05     0.0
   63.459200   -5.4049285638482D-05     0.0
   63.519200   -5.3743343529451D-05     0.0
   63.579200   -5.3439420215274D-05     0.0
   63.639200   -5.3137500483698D-05     0.0
   63.699200   -5.2837569251328D-05     0.0
   63.759200   -5.2539611562412D-05     0.0
   63.819200   -5.2243612587639D-05     0.0
   63.879200   -5.1949557622961D-05     0.0
   63.939200   -5.1657432088410D-05     0.0
   63.999200   -5.1367221526938D-05     0.0
   64.059200   -5.1078911603268D-05     0.0
   64.119200   -5.0792488102756D-05     0.0
   64.179200   -5.0507936930260D-05     0.0
   64.239200   -5.0225244109028D-05     0.0
   64.299200   -4.9944395779590D-05     0.0
   64.359200   -4.9665378198673D-05     0.0
   64.419200   -4.9388177738109D-05     0.0
   64.479200   -4.9112780883776D-05     0.0
   64.539200   -4.8839174234527D-05     0.0
   64.599200   -4.8567344501154D-05     0.0
   64.659200   -4.8297278505335D-05     0.0
   64.719200   -4.8028963178621D-05     0.0
   64.779200   -4.7762385561410D-05     0.0
   64.839200   -4.7497532801944D-05     0.0
   64.899200   -4.7234392155311D-05     0.0
   64.959200   -4.6972950982461D-05     0.0
   65.019200   -4.6713196749227D-05     0.0
   65.079200   -4.6455117025361D-05     0.0
   65.139200   -4.6198699483577D-05     0.0
   65.199200   -4.5943931898601D-05     0.0
   65.259200   -4.5690802146239D-05     0.0
   65.319200   -4.5439298202447D-05     0.0
   65.379200   -4.5189408142408D-05     0.0
   65.439200   -4.4941120139633D-05     0.0
   65.499200   -4.4694422465048D-05     0.0
   65.559200   -4.4449303486116D-05     0.0
   65.619200   -4.4205751665945D-05     0.0
   65.679200   -4.3963755562418D-05     0.0
   65.739200   -4.3723303827332D-05     0.0
   65.799200   -4.3484385205538D-05     0.0
   65.859200   -4.3246988534095D-05     0.0
   65.919200   -4.3011102741431D-05     0.0
   65.979200   -4.2776716846515D-05     0.0
   66.039200   -4.2543819958031D-05     0.0
   66.099200   -4.2312401273568D-05     0.0
   66.159200   -4.2082450078811D-05     0.0
   66.219200   -4.1853955746748D-05     0.0
   66.279200   -4.1626907736872D-05     0.0
   66.339200   -4.1401295594409D-05     0.0
   66.399200   -4.1177108949537D-05     0.0
   66.459200   -4.0954337516623D-05     0.0
   66.519200   -4.0732971093461D-05     0.0
   66.579200   -4.0512999560524D-05     0.0
   66.639200   -4.0294412880218D-05     0.0
   66.699200   -4.0077201096147D-05     0.0
   66.759200   -3.9861354332381D-05     0.0
   66.819200   -3.9646862792738D-05     0.0
   66.879200   -3.9433716760066D-05     0.0
   66.939200   -3.9221906595536D-05     0.0
   66.999200   -3.9011422737941D-05     0.0
   67.059200   -3.8802255703002D-05     0.0
   67.119200   -3.8594396082680D-05     0.0
   67.179200   -3.8387834544500D-05     0.0
   67.239200   -3.8182561830869D-05     0.0
   67.299200   -3.7978568758416D-05     0.0
   67.359200   -3.7775846217328D-05     0.0
   67.419200   -3.7574385170698D-05     0.0
   67.479200   -3.7374176653875D-05     0.0
   67.539200   -3.7175211773821D-05     0.0
   67.599200   -3.6977481708482D-05     0.0
   67.659200   -3.6780977706154D-05     0.0
   67.719200   -3.6585691084861D-05     0.0
   67.779200   -3.6391613231737D-05     0.0
   67.839200   -3.6198735602420D-05     0.0
   67.899200   -3.6007049720440D-05     0.0
   67.959200   -3.5816547176627D-05     0.0
   68.019200   -3.5627219628513D-05     0.0
   68.079200   -3.5439058799747D-05     0.0
   68.139200   -3.5252056479510D-05     0.0
   68.199200   -3.5066204521945D-05     0.0
   68.259200   -3.4881494845579D-05     0.0
   68.319200   -3.4697919432765D-05     0.0
   68.379200   -3.4515470329114D-05     0.0
   68.439200   -3.4334139642952D-05     0.0
   68.499200   -3.4153919544761D-05     0.0
   68.559200   -3.3974802266638D-05     0.0
   68.619200   -3.3796780101761D-05     0.0
   68.679200   -3.3619845403852D-05     0.0
   68.739200   -3.3443990586648D-05     0.0
   68.799200   -3.3269208123380D-05     0.0
   68.859200   -3.3095490546257D-05     0.0
   68.919200   -3.2922830445946D-05     0.0
   68.979200   -3.2751220471071D-05     0.0
   69.039200   -3.2580653327709D-05     0.0
   69.099200   -3.2411121778884D-05     0.0
   69.159200   -3.2242618644084D-05     0.0
   69.219200   -3.2075136798763D-05     0.0
   69.279200   -3.1908669173863D-05     0.0
   69.339200   -3.1743208755330D-05     0.0
   69.399200   -3.1578748583641D-05     0.0
   69.459200   -3.1415281753333D-05     0.0
   69.519200   -3.1252801412534D-05     0.0
   69.579200   -3.1091300762507D-05     0.0
   69.639200   -3.0930773057187D-05     0.0
   69.699200   -3.0771211602731D-05     0.0
   69.759200   -3.0612609757067D-05     0.0
   69.819200   -3.0454960929452D-05     0.0
   69.879200   -3.0298258580030D-05     0.0
   69.939200   -3.0142496219395D-05     0.0
   69.999200   -2.9987667408161D-05     0.0
   70.059200   -2.9833765756532D-05     0.0
   70.119200   -2.9680784923880D-05     0.0
   70.179200   -2.9528718618321D-05     0.0
   70.239200   -2.9377560596306D-05     0.0
   70.299200   -2.9227304662200D-05     0.0
   70.359200   -2.9077944667882D-05     0.0
   70.419200   -2.8929474512333D-05     0.0
   70.479200   -2.8781888141241D-05     0.0
   70.539200   -2.8635179546601D-05     0.0
   70.599200   -2.8489342766325D-05     0.0
   70.659200   -2.8344371883846D-05     0.0
   70.719200   -2.8200261027739D-05     0.0
   70.779200   -2.8057004371335D-05     0.0
   70.839200   -2.7914596132343D-05     0.0
   70.899200   -2.7773030572474D-05     0.0
   70.959200   -2.7632301997071D-05     0.0
   71.019200   -2.7492404754738D-05     0.0
   71.079200   -2.7353333236978D-05     0.0
   71.139200   -2.7215081877830D-05     0.0
   71.199200   -2.7077645153509D-05     0.0
   71.259200   -2.6941017582054D-05     0.0
   71.319200   -2.6805193722978D-05     0.0
   71.379200   -2.6670168176912D-05     0.0
   71.439200   -2.6535935585270D-05     0.0
   71.499200   -2.6402490629897D-05     0.0
   71.559200   -2.6269828032740D-05     0.0
   71.619200   -2.6137942555505D-05     0.0
   71.679200   -2.6006828999326D-05     0.0
   71.739200   -2.5876482204438D-05     0.0
   71.799200   -2.5746897049850D-05     0.0
   71.859200   -2.5618068453018D-05     0.0
   71.919200   -2.5489991369528D-05     0.0
   71.979200   -2.5362660792776D-05     0.0
   72.039200   -2.5236071753658D-05     0.0
   72.099200   -2.5110219320252D-05     0.0
   72.159200   -2.4985098597511D-05     0.0
   72.219200   -2.4860704726960D-05     0.0
   72.279200   -2.4737032886390D-05     0.0
   72.339200   -2.4614078289557D-05     0.0
   72.399200   -2.4491836185885D-05     0.0
   72.459200   -2.4370301860171D-05     0.0
   72.519200   -2.4249470632293D-05     0.0
   72.579200   -2.4129337856918D-05     0.0
   72.639200   -2.4009898923218D-05     0.0
   72.699200   -2.3891149254583D-05     0.0
   72.759200   -2.3773084308341D-05     0.0
   72.819200   -2.3655699575476D-05     0.0
   72.879200   -2.3538990580353D-05     0.0
   72.939200   -2.3422952880445D-05     0.0
   72.999200   -2.3307582066056D-05     0.0
   73.059200   -2.3192873760059D-05     0.0
   73.119200   -2.3078823617621D-05     0.0
   73.179200   -2.2965427325944D-05     0.0
   73.239200   -2.2852680604001D-05     0.0
   73.299200   -2.2740579202277D-05     0.0
   73.359200   -2.2629118902508D-05     0.0
   73.419200   -2.2518295517431D-05     0.0
   73.479200   -2.2408104890528D-05     0.0
   73.539200   -2.2298542895775D-05     0.0
   73.599200   -2.2189605437394D-05     0.0
   73.659200   -2.2081288449608D-05     0.0
   73.719200   -2.1973587896397D-05     0.0
   73.779200   -2.1866499771255D-05     0.0
   73.839200   -2.1760020096949D-05     0.0
   73.899200   -2.1654144925285D-05     0.0
   73.959200   -2.1548870336871D-05     0.0
   74.019200   -2.1444192440882D-05     0.0
   74.079200   -2.1340107374833D-05     0.0
   74.139200   -2.1236611304344D-05     0.0
   74.199200   -2.1133700422919D-05     0.0
   74.259200   -2.1031370951717D-05     0.0
   74.319200   -2.0929619139329D-05     0.0
   74.379200   -2.0828441261558D-05     0.0
   74.439200   -2.0727833621200D-05     0.0
   74.499200   -2.0627792547828D-05     0.0
   74.559200   -2.0528314397572D-05     0.0
   74.619200   -2.0429395552910D-05     0.0
   74.679200   -2.0331032422457D-05     0.0
   74.739200   -2.0233221440749D-05     0.0
   74.799200   -2.0135959068045D-05     0.0
   74.859200   -2.0039241790112D-05     0.0
   74.919200   -1.9943066118026D-05     0.0
   74.979200   -1.9847428587968D-05     0.0
   75.039200   -1.9752325761024D-05     0.0
   75.099200   -1.9657754222984D-05     0.0
   75.159200   -1.9563710584150D-05     0.0
   75.219200   -1.9470191479134D-05     0.0
   75.279200   -1.9377193566670D-05     0.0
   75.339200   -1.9284713529419D-05     0.0
   75.399200   -1.9192748073780D-05     0.0
   75.459200   -1.9101293929700D-05     0.0
   75.519200   -1.9010347850489D-05     0.0
   75.579200   -1.8919906612632D-05     0.0
   75.639200   -1.8829967015610D-05     0.0
   75.699200   -1.8740525881711D-05     0.0
   75.759200   -1.8651580055857D-05     0.0
   75.819200   -1.8563126405419D-05     0.0
   75.879200   -1.8475161820042D-05     0.0
   75.939200   -1.8387683211472D-05     0.0
   75.999200   -1.8300687513375D-05     0.0
   76.059200   -1.8214171681169D-05     0.0
   76.119200   -1.8128132691855D-05     0.0
   76.179200   -1.8042567543839D-05     0.0
   76.239200   -1.7957473256772D-05     0.0
   76.299200   -1.7872846871378D-05     0.0
   76.359200   -1.7788685449289D-05     0.0
   76.419200   -1.7704986072886D-05     0.0
   76.479200   -1.7621745845128D-05     0.0
   76.539200   -1.7538961889398D-05     0.0
   76.599200   -1.7456631349340D-05     0.0
   76.659200   -1.7374751388699D-05     0.0
   76.719200   -1.7293319191169D-05     0.0
   76.779200   -1.7212331960232D-05     0.0
   76.839200   -1.7131786919005D-05     0.0
   76.899200   -1.7051681310089D-05     0.0
   76.959200   -1.6972012395416D-05     0.0
   77.019200   -1.6892777456098D-05     0.0
   77.079200   -1.6813973792278D-05     0.0
   77.139200   -1.6735598722982D-05     0.0
   77.199200   -1.6657649585972D-05     0.0
   77.259200   -1.6580123737603D-05     0.0
   77.319200   -1.6503018552675D-05     0.0
   77.379200   -1.6426331424294D-05     0.0
   77.439200   -1.6350059763728D-05     0.0
   77.499200   -1.6274201000265D-05     0.0
   77.559200   -1.6198752581078D-05     0.0
   77.619200   -1.6123711971083D-05     0.0
   77.679200   -1.6049076652805D-05     0.0
   77.739200   -1.5974844126238D-05     0.0
   77.799200   -1.5901011908716D-05     0.0
   77.859200   -1.5827577534775D-05     0.0
   77.919200   -1.5754538556022D-05     0.0
   77.979200   -1.5681892541006D-05     0.0
   78.039200   -1.5609637075082D-05     0.0
   78.099200   -1.5537769760291D-05     0.0
   78.159200   -1.5466288215222D-05     0.0
   78.219200   -1.5395190074892D-05     0.0
   78.279200   -1.5324472990619D-05     0.0
   78.339200   -1.5254134629894D-05     0.0
   78.399200   -1.5184172676263D-05     0.0
   78.459200   -1.5114584829198D-05     0.0
   78.519200   -1.5045368803979D-05     0.0
   78.579200   -1.4976522331575D-05     0.0
   78.639200   -1.4908043158520D-05     0.0
   78.699200   -1.4839929046798D-05     0.0
   78.759200   -1.4772177773722D-05     0.0
   78.819200   -1.4704787131822D-05     0.0
   78.879200   -1.4637754928725D-05     0.0
   78.939200   -1.4571078987042D-05     0.0
   78.999200   -1.4504757144257D-05     0.0
   79.059200   -1.4438787252608D-05     0.0
   79.119200   -1.4373167178981D-05     0.0
   79.179200   -1.4307894804798D-05     0.0
   79.239200   -1.4242968025902D-05     0.0
   79.299200   -1.4178384752455D-05     0.0
   79.359200   -1.4114142908827D-05     0.0
   79.419200   -1.4050240433487D-05     0.0
   79.479200   -1.3986675278898D-05     0.0
   79.539200   -1.3923445411412D-05     0.0
   79.599200   -1.3860548811167D-05     0.0
   79.659200   -1.3797983471978D-05     0.0
   79.719200   -1.3735747401240D-05     0.0
   79.779200   -1.3673838619821D-05     0.0
   79.839200   -1.3612255161966D-05     0.0
   79.899200   -1.3550995075191D-05     0.0
   79.959200   -1.3490056420189D-05     0.0
   80.019200   -1.3429437270726D-05     0.0
   80.079200   -1.3369135713548D-05     0.0
   80.139200   -1.3309149848279D-05     0.0
   80.199200   -1.3249477787332D-05     0.0
   80.259200   -1.3190117655802D-05     0.0
   80.319200   -1.3131067591385D-05     0.0
   80.379200   -1.3072325744272D-05     0.0
   80.439200   -1.3013890277064D-05     0.0
   80.499200   -1.2955759364675D-05     0.0
   80.559200   -1.2897931194243D-05     0.0
   80.619200   -1.2840403965039D-05     0.0
   80.679200   -1.2783175888372D-05     0.0
   80.739200   -1.2726245187509D-05     0.0
   80.799200   -1.2669610097576D-05     0.0
   80.859200   -1.2613268865478D-05     0.0
   80.919200   -1.2557219749806D-05     0.0
   80.979200   -1.2501461020757D-05     0.0
   81.039200   -1.2445990960039D-05     0.0
   81.099200   -1.2390807860795D-05     0.0
   81.159200   -1.2335910027514D-05     0.0
   81.219200   -1.2281295775947D-05     0.0
   81.279200   -1.2226963433024D-05     0.0
   81.339200   -1.2172911336777D-05     0.0
   81.399200   -1.2119137836247D-05     0.0
   81.459200   -1.2065641291414D-05     0.0
   81.519200   -1.2012420073112D-05     0.0
   81.579200   -1.1959472562949D-05     0.0
   81.639200   -1.1906797153226D-05     0.0
   81.699200   -1.1854392246865D-05     0.0
   81.759200   -1.1802256257323D-05     0.0
   81.819200   -1.1750387608521D-05     0.0
   81.879200   -1.1698784734765D-05     0.0
   81.939200   -1.1647446080669D-05     0.0
   81.999200   -1.1596370101083D-05     0.0
   82.059200   -1.1545555261014D-05     0.0
   82.119200   -1.1495000035555D-05     0.0
   82.179200   -1.1444702909809D-05     0.0
   82.239200   -1.1394662378818D-05     0.0
   82.299200   -1.1344876947491D-05     0.0
   82.359200   -1.1295345130529D-05     0.0
   82.419200   -1.1246065452357D-05     0.0
   82.479200   -1.1197036447054D-05     0.0
   82.539200   -1.1148256658277D-05     0.0
   82.599200   -1.1099724639198D-05     0.0
   82.659200   -1.1051438952434D-05     0.0
   82.719200   -1.1003398169973D-05     0.0
   82.779200   -1.0955600873114D-05     0.0
   82.839200   -1.0908045652394D-05     0.0
   82.899200   -1.0860731107522D-05     0.0
   82.959200   -1.0813655847317D-05     0.0
   83.019200   -1.0766818489637D-05     0.0
   83.079200   -1.0720217661314D-05     0.0
   83.139200   -1.0673851998094D-05     0.0
   83.199200   -1.0627720144567D-05     0.0
   83.259200   -1.0581820754109D-05     0.0
   83.319200   -1.0536152488814D-05     0.0
   83.379200   -1.0490714019433D-05     0.0
   83.439200   -1.0445504025313D-05     0.0
   83.499200   -1.0400521194334D-05     0.0
   83.559200   -1.0355764222847D-05     0.0
   83.619200   -1.0311231815616D-05     0.0
   83.679200   -1.0266922685754D-05     0.0
   83.739200   -1.0222835554667D-05     0.0
   83.799200   -1.0178969151992D-05     0.0
   83.859200   -1.0135322215540D-05     0.0
   83.919200   -1.0091893491235D-05     0.0
   83.979200   -1.0048681733060D-05     0.0
   84.039200   -1.0005685702995D-05     0.0
   84.099200   -9.9629041709641D-06     0.0
   84.159200   -9.9203359147757D-06     0.0
   84.219200   -9.8779797200683D-06     0.0
   84.279200   -9.8358343802546D-06     0.0
   84.339200   -9.7938986964654D-06     0.0
   84.399200   -9.7521714774954D-06     0.0
   84.459200   -9.7106515397488D-06     0.0
   84.519200   -9.6693377071847D-06     0.0
   84.579200   -9.6282288112645D-06     0.0
   84.639200   -9.5873236908982D-06     0.0
   84.699200   -9.5466211923916D-06     0.0
   84.759200   -9.5061201693944D-06     0.0
   84.819200   -9.4658194828480D-06     0.0
   84.879200   -9.4257180009337D-06     0.0
   84.939200   -9.3858145990222D-06     0.0
   84.999200   -9.3461081596229D-06     0.0
   85.059200   -9.3065975723328D-06     0.0
   85.119200   -9.2672817337875D-06     0.0
   85.179200   -9.2281595476109D-06     0.0
   85.239200   -9.1892299243668D-06     0.0
   85.299200   -9.1504917815095D-06     0.0
   85.359200   -9.1119440433356D-06     0.0
   85.419200   -9.0735856409361D-06     0.0
   85.479200   -9.0354155121486D-06     0.0
   85.539200   -8.9974326015101D-06     0.0
   85.599200   -8.9596358602102D-06     0.0
   85.659200   -8.9220242460440D-06     0.0
   85.719200   -8.8845967233668D-06     0.0
   85.779200   -8.8473522630473D-06     0.0
   85.839200   -8.8102898424228D-06     0.0
   85.899200   -8.7734084452538D-06     0.0
   85.959200   -8.7367070616791D-06     0.0
   86.019200   -8.7001846881714D-06     0.0
   86.079200   -8.6638403274935D-06     0.0
   86.139200   -8.6276729886540D-06     0.0
   86.199200   -8.5916816868642D-06     0.0
   86.259200   -8.5558654434949D-06     0.0
   86.319200   -8.5202232860337D-06     0.0
   86.379200   -8.4847542480425D-06     0.0
   86.439200   -8.4494573691151D-06     0.0
   86.499200   -8.4143316948361D-06     0.0
   86.559200   -8.3793762767384D-06     0.0
   86.619200   -8.3445901722631D-06     0.0
   86.679200   -8.3099724447175D-06     0.0
   86.739200   -8.2755221632359D-06     0.0
   86.799200   -8.2412384027380D-06     0.0
   86.859200   -8.2071202438898D-06     0.0
   86.919200   -8.1731667730641D-06     0.0
   86.979200   -8.1393770823002D-06     0.0
   87.039200   -8.1057502692659D-06     0.0
   87.099200   -8.0722854372182D-06     0.0
   87.159200   -8.0389816949652D-06     0.0
   87.219200   -8.0058381568275D-06     0.0
   87.279200   -7.9728539426005D-06     0.0
   87.339200   -7.9400281775174D-06     0.0
   87.399200   -7.9073599922108D-06     0.0
   87.459200   -7.8748485226767D-06     0.0
   87.519200   -7.8424929102372D-06     0.0
   87.579200   -7.8102923015041D-06     0.0
   87.639200   -7.7782458483429D-06     0.0
   87.699200   -7.7463527078370D-06     0.0
   87.759200   -7.7146120422514D-06     0.0
   87.819200   -7.6830230189980D-06     0.0
   87.879200   -7.6515848106005D-06     0.0
   87.939200   -7.6202965946588D-06     0.0
   87.999200   -7.5891575538152D-06     0.0
   88.059200   -7.5581668757201D-06     0.0
   88.119200   -7.5273237529968D-06     0.0
   88.179200   -7.4966273832094D-06     0.0
   88.239200   -7.4660769688279D-06     0.0
   88.299200   -7.4356717171953D-06     0.0
   88.359200   -7.4054108404947D-06     0.0
   88.419200   -7.3752935557163D-06     0.0
   88.479200   -7.3453190846250D-06     0.0
   88.539200   -7.3154866537277D-06     0.0
   88.599200   -7.2857954942417D-06     0.0
   88.659200   -7.2562448420627D-06     0.0
   88.719200   -7.2268339377326D-06     0.0
   88.779200   -7.1975620264092D-06     0.0
   88.839200   -7.1684283578342D-06     0.0
   88.899200   -7.1394321863024D-06     0.0
   88.959200   -7.1105727706316D-06     0.0
   89.019200   -7.0818493741313D-06     0.0
   89.079200   -7.0532612645731D-06     0.0
   89.139200   -7.0248077141605D-06     0.0
   89.199200   -6.9964879994990D-06     0.0
   89.259200   -6.9683014015667D-06     0.0
   89.319200   -6.9402472056846D-06     0.0
   89.379200   -6.9123247014882D-06     0.0
   89.439200   -6.8845331828978D-06     0.0
   89.499200   -6.8568719480902D-06     0.0
   89.559200   -6.8293402994700D-06     0.0
   89.619200   -6.8019375436417D-06     0.0
   89.679200   -6.7746629913813D-06     0.0
   89.739200   -6.7475159576083D-06     0.0
   89.799200   -6.7204957613583D-06     0.0
   89.859200   -6.6936017257558D-06     0.0
   89.919200   -6.6668331779861D-06     0.0
   89.979200   -6.6401894492692D-06     0.0
   90.039200   -6.6136698748322D-06     0.0
   90.099200   -6.5872737938830D-06     0.0
   90.159200   -6.5610005495839D-06     0.0
   90.219200   -6.5348494890249D-06     0.0
   90.279200   -6.5088199631982D-06     0.0
   90.339200   -6.4829113269718D-06     0.0
   90.399200   -6.4571229390642D-06     0.0
   90.459200   -6.4314541620184D-06     0.0
   90.519200   -6.4059043621770D-06     0.0
   90.579200   -6.3804729096569D-06     0.0
   90.639200   -6.3551591783244D-06     0.0
   90.699200   -6.3299625457701D-06     0.0
   90.759200   -6.3048823932850D-06     0.0
   90.819200   -6.2799181058352D-06     0.0
   90.879200   -6.2550690720382D-06     0.0
   90.939200   -6.2303346841388D-06     0.0
   90.999200   -6.2057143379850D-06     0.0
   91.059200   -6.1812074330046D-06     0.0
   91.119200   -6.1568133721811D-06     0.0
   91.179200   -6.1325315620309D-06     0.0
   91.239200   -6.1083614125798D-06     0.0
   91.299200   -6.0843023373399D-06     0.0
   91.359200   -6.0603537532870D-06     0.0
   91.419200   -6.0365150808374D-06     0.0
   91.479200   -6.0127857438262D-06     0.0
   91.539200   -5.9891651694837D-06     0.0
   91.599200   -5.9656527884143D-06     0.0
   91.659200   -5.9422480345739D-06     0.0
   91.719200   -5.9189503452479D-06     0.0
   91.779200   -5.8957591610298D-06     0.0
   91.839200   -5.8726739257993D-06     0.0
   91.899200   -5.8496940867011D-06     0.0
   91.959200   -5.8268190941234D-06     0.0
   92.019200   -5.8040484016771D-06     0.0
   92.079200   -5.7813814661741D-06     0.0
   92.139200   -5.7588177476076D-06     0.0
   92.199200   -5.7363567091302D-06     0.0
   92.259200   -5.7139978170342D-06     0.0
   92.319200   -5.6917405407311D-06     0.0
   92.379200   -5.6695843527310D-06     0.0
   92.439200   -5.6475287286226D-06     0.0
   92.499200   -5.6255731470536D-06     0.0
   92.559200   -5.6037170897108D-06     0.0
   92.619200   -5.5819600412998D-06     0.0
   92.679200   -5.5603014895263D-06     0.0
   92.739200   -5.5387409250762D-06     0.0
   92.799200   -5.5172778415967D-06     0.0
   92.859200   -5.4959117356766D-06     0.0
   92.919200   -5.4746421068283D-06     0.0
   92.979200   -5.4534684574677D-06     0.0
   93.039200   -5.4323902928966D-06     0.0
   93.099200   -5.4114071212833D-06     0.0
   93.159200   -5.3905184536450D-06     0.0
   93.219200   -5.3697238038286D-06     0.0
   93.279200   -5.3490226884929D-06     0.0
   93.339200   -5.3284146270907D-06     0.0
   93.399200   -5.3078991418509D-06     0.0
   93.459200   -5.2874757577599D-06     0.0
   93.519200   -5.2671440025451D-06     0.0
   93.579200   -5.2469034066565D-06     0.0
   93.639200   -5.2267535032496D-06     0.0
   93.699200   -5.2066938281680D-06     0.0
   93.759200   -5.1867239199262D-06     0.0
   93.819200   -5.1668433196927D-06     0.0
   93.879200   -5.1470515712727D-06     0.0
   93.939200   -5.1273482210918D-06     0.0
   93.999200   -5.1077328181785D-06     0.0
   94.059200   -5.0882049141485D-06     0.0
   94.119200   -5.0687640631878D-06     0.0
   94.179200   -5.0494098220362D-06     0.0
   94.239200   -5.0301417499711D-06     0.0
   94.299200   -5.0109594087917D-06     0.0
   94.359200   -4.9918623628026D-06     0.0
   94.419200   -4.9728501787980D-06     0.0
   94.479200   -4.9539224260461D-06     0.0
   94.539200   -4.9350786762732D-06     0.0
   94.599200   -4.9163185036480D-06     0.0
   94.659200   -4.8976414847666D-06     0.0
   94.719200   -4.8790471986365D-06     0.0
   94.779200   -4.8605352266619D-06     0.0
   94.839200   -4.8421051526283D-06     0.0
   94.899200   -4.8237565626875D-06     0.0
   94.959200   -4.8054890453427D-06     0.0
   95.019200   -4.7873021914334D-06     0.0
   95.079200   -4.7691955941211D-06     0.0
   95.139200   -4.7511688488744D-06     0.0
   95.199200   -4.7332215534545D-06     0.0
   95.259200   -4.7153533079008D-06     0.0
   95.319200   -4.6975637145166D-06     0.0
   95.379200   -4.6798523778547D-06     0.0
   95.439200   -4.6622189047036D-06     0.0
   95.499200   -4.6446629040731D-06     0.0
   95.559200   -4.6271839871808D-06     0.0
   95.619200   -4.6097817674375D-06     0.0
   95.679200   -4.5924558604345D-06     0.0
   95.739200   -4.5752058839291D-06     0.0
   95.799200   -4.5580314578313D-06     0.0
   95.859200   -4.5409322041906D-06     0.0
   95.919200   -4.5239077471821D-06     0.0
   95.979200   -4.5069577130938D-06     0.0
   96.039200   -4.4900817303130D-06     0.0
   96.099200   -4.4732794293134D-06     0.0
   96.159200   -4.4565504426421D-06     0.0
   96.219200   -4.4398944049063D-06     0.0
   96.279200   -4.4233109527611D-06     0.0
   96.339200   -4.4067997248965D-06     0.0
   96.399200   -4.3903603620244D-06     0.0
   96.459200   -4.3739925068664D-06     0.0
   96.519200   -4.3576958041415D-06     0.0
   96.579200   -4.3414699005530D-06     0.0
   96.639200   -4.3253144447770D-06     0.0
   96.699200   -4.3092290874496D-06     0.0
   96.759200   -4.2932134811551D-06     0.0
   96.819200   -4.2772672804136D-06     0.0
   96.879200   -4.2613901416693D-06     0.0
   96.939200   -4.2455817232787D-06     0.0
   96.999200   -4.2298416854982D-06     0.0
   97.059200   -4.2141696904731D-06     0.0
   97.119200   -4.1985654022255D-06     0.0
   97.179200   -4.1830284866427D-06     0.0
   97.239200   -4.1675586114659D-06     0.0
   97.299200   -4.1521554462789D-06     0.0
   97.359200   -4.1368186624961D-06     0.0
   97.419200   -4.1215479333520D-06     0.0
   97.479200   -4.1063429338896D-06     0.0
   97.539200   -4.0912033409496D-06     0.0
   97.599200   -4.0761288331587D-06     0.0
   97.659200   -4.0611190909194D-06     0.0
   97.719200   -4.0461737963986D-06     0.0
   97.779200   -4.0312926335171D-06     0.0
   97.839200   -4.0164752879386D-06     0.0
   97.899200   -4.0017214470591D-06     0.0
   97.959200   -3.9870307999965D-06     0.0
   98.019200   -3.9724030375798D-06     0.0
   98.079200   -3.9578378523386D-06     0.0
   98.139200   -3.9433349384931D-06     0.0
   98.199200   -3.9288939919434D-06     0.0
   98.259200   -3.9145147102593D-06     0.0
   98.319200   -3.9001967926705D-06     0.0
   98.379200   -3.8859399400559D-06     0.0
   98.439200   -3.8717438549338D-06     0.0
   98.499200   -3.8576082414522D-06     0.0
   98.559200   -3.8435328053786D-06     0.0
   98.619200   -3.8295172540901D-06     0.0
   98.679200   -3.8155612965637D-06     0.0
   98.739200   -3.8016646433667D-06     0.0
   98.799200   -3.7878270066469D-06     0.0
   98.859200   -3.7740481001232D-06     0.0
   98.919200   -3.7603276390759D-06     0.0
   98.979200   -3.7466653403372D-06     0.0
   99.039200   -3.7330609222819D-06     0.0
   99.099200   -3.7195141048182D-06     0.0
   99.159200   -3.7060246093783D-06     0.0
   99.219200   -3.6925921589090D-06     0.0
   99.279200   -3.6792164778630D-06     0.0
   99.339200   -3.6658972921894D-06     0.0
   99.399200   -3.6526343293248D-06     0.0
   99.459200   -3.6394273181845D-06     0.0
   99.519200   -3.6262759891533D-06     0.0
   99.579200   -3.6131800740769D-06     0.0
   99.639200   -3.6001393062531D-06     0.0
   99.699200   -3.5871534204227D-06     0.0
   99.759200   -3.5742221527616D-06     0.0
   99.819200   -3.5613452408712D-06     0.0
   99.879200   -3.5485224237707D-06     0.0
   99.939200   -3.5357534418879D-06     0.0
   99.999200   -3.5230380370514D-06     0.0
