  1.400000    2.7772097703663D+05
  1.425000    6.5194606345241D+03
  1.450000   -1.6098090405774D+04
  1.475000   -2.0613959327326D+04
  1.500000   -2.2716236362981D+04
  1.525000   -2.4446331878888D+04
  1.550000   -2.5908798270797D+04
  1.575000   -2.7050481151580D+04
  1.600000   -2.7905894646859D+04
  1.625000   -2.8528068551867D+04
  1.650000   -2.8950826810191D+04
  1.675000   -2.9197802296984D+04
  1.700000   -2.9291728915746D+04
  1.725000   -2.9253047531486D+04
  1.750000   -2.9099239737042D+04
  1.775000   -2.8846669555303D+04
  1.800000   -2.8510111386022D+04
  1.825000   -2.8101385819846D+04
  1.850000   -2.7630404291065D+04
  1.875000   -2.7107068535396D+04
  1.900000   -2.6540678763644D+04
  1.925000   -2.5936438648178D+04
  1.950000   -2.5291498785037D+04
  1.975000   -2.4593160061596D+04
  2.000000   -2.3820330943418D+04
  2.025000   -2.2947845867914D+04
  2.050000   -2.1952509426738D+04
  2.075000   -2.0819496540438D+04
  2.100000   -1.9547649692724D+04
  2.125000   -1.8152267632455D+04
  2.150000   -1.6664435205753D+04
  2.175000   -1.5126898441236D+04
  2.200000   -1.3587608734973D+04
  2.225000   -1.2092769953203D+04
  2.250000   -1.0681163690095D+04
  2.275000   -9.3808177796949D+03
  2.300000   -8.2081666755806D+03
  2.325000   -7.1691575591404D+03
  2.350000   -6.2614670919171D+03
  2.375000   -5.4770527854862D+03
  2.400000   -4.8045021226474D+03
  2.425000   -4.2309076491187D+03
  2.450000   -3.7432008490691D+03
  2.475000   -3.3289988462887D+03
  2.500000   -2.9770693423982D+03
  2.525000   -2.6775257197643D+03
  2.550000   -2.4218483283626D+03
  2.575000   -2.2028047611358D+03
  2.600000   -2.0143195851314D+03
  2.625000   -1.8513258993807D+03
  2.650000   -1.7096178714014D+03
  2.675000   -1.5857144520460D+03
  2.700000   -1.4767387878475D+03
  2.725000   -1.3803144753488D+03
  2.750000   -1.2944779540892D+03
  2.775000   -1.2176054440918D+03
  2.800000   -1.1483525108186D+03
  2.825000   -1.0856043330560D+03
  2.850000   -1.0284349004962D+03
  2.875000   -9.7607358518354D+02
  2.900000   -9.2787776277080D+02
  2.925000   -8.8331037865729D+02
  2.950000   -8.4192154877320D+02
  2.975000   -8.0333345117175D+02
  3.000000   -7.6722790341835D+02
  3.025000   -7.3333613485397D+02
  3.050000   -7.0143035552275D+02
  3.075000   -6.7131679855386D+02
  3.100000   -6.4282997307468D+02
  3.125000   -6.1582791353340D+02
  3.150000   -5.9018825029060D+02
  3.175000   -5.6580495815956D+02
  3.200000   -5.4258566504845D+02
  3.225000   -5.2044942378754D+02
  3.250000   -4.9932486718223D+02
  3.275000   -4.7914868014539D+02
  3.300000   -4.5986433435498D+02
  3.325000   -4.4142104007723D+02
  3.350000   -4.2377287774952D+02
  3.375000   -4.0687807814482D+02
  3.400000   -3.9069842546662D+02
  3.425000   -3.7519876194556D+02
  3.450000   -3.6034657631789D+02
  3.475000   -3.4611166154239D+02
  3.500000   -3.3246582960580D+02
  3.525000   -3.1938267347840D+02
  3.550000   -3.0683736787986D+02
  3.575000   -2.9480650209086D+02
  3.600000   -2.8326793912098D+02
  3.625000   -2.7220069666542D+02
  3.650000   -2.6158484593974D+02
  3.675000   -2.5140142534274D+02
  3.700000   -2.4163236630179D+02
  3.725000   -2.3226042919146D+02
  3.750000   -2.2326914760263D+02
  3.775000   -2.1464277949486D+02
  3.800000   -2.0636626410144D+02
  3.825000   -1.9842518357432D+02
  3.850000   -1.9080572864951D+02
  3.875000   -1.8349466761039D+02
  3.900000   -1.7647931807377D+02
  3.925000   -1.6974752114914D+02
  3.950000   -1.6328761760517D+02
  3.975000   -1.5708842576640D+02
  4.000000   -1.5113922091037D+02
  4.025000   -1.4542971592381D+02
  4.050000   -1.3995004312093D+02
  4.075000   -1.3469073704456D+02
  4.100000   -1.2964271814365D+02
  4.125000   -1.2479727726929D+02
  4.150000   -1.2014606087159D+02
  4.175000   -1.1568105686420D+02
  4.200000   -1.1139458109504D+02
  4.225000   -1.0727926437521D+02
  4.250000   -1.0332804002467D+02
  4.275000   -9.9534131930818D+01
  4.300000   -9.5891043036542D+01
  4.325000   -9.2392544299572D+01
  4.350000   -8.9032664053594D+01
  4.375000   -8.5805677763436D+01
  4.400000   -8.2706098181163D+01
  4.425000   -7.9728665851278D+01
  4.450000   -7.6868339976255D+01
  4.475000   -7.4120289619742D+01
  4.500000   -7.1479885238082D+01
  4.525000   -6.8942690528450D+01
  4.550000   -6.6504454582334D+01
  4.575000   -6.4161104332131D+01
  4.600000   -6.1908737283473D+01
  4.625000   -5.9743614525647D+01
  4.650000   -5.7662154008416D+01
  4.675000   -5.5660924071175D+01
  4.700000   -5.3736637229426D+01
  4.725000   -5.1886144194184D+01
  4.750000   -5.0106428135767D+01
  4.775000   -4.8394599154670D+01
  4.800000   -4.6747888986899D+01
  4.825000   -4.5163645909946D+01
  4.850000   -4.3639329854702D+01
  4.875000   -4.2172507710679D+01
  4.900000   -4.0760848820026D+01
  4.925000   -3.9402120656450D+01
  4.950000   -3.8094184674646D+01
  4.975000   -3.6834992331452D+01
  5.000000   -3.5622581270745D+01
  5.025000   -3.4455071661294D+01
  5.050000   -3.3330662689341D+01
  5.075000   -3.2247629193622D+01
  5.100000   -3.1204318441294D+01
  5.125000   -3.0199147039211D+01
  5.150000   -2.9230597971215D+01
  5.175000   -2.8297217763002D+01
  5.200000   -2.7397613763972D+01
  5.225000   -2.6530451545114D+01
  5.250000   -2.5694452406198D+01
  5.275000   -2.4888390988043D+01
  5.300000   -2.4111092988482D+01
  5.325000   -2.3361432973669D+01
  5.350000   -2.2638332282312D+01
  5.375000   -2.1940757022768D+01
  5.400000   -2.1267716151644D+01
  5.425000   -2.0618259638609D+01
  5.450000   -1.9991476708669D+01
  5.475000   -1.9386494158174D+01
  5.500000   -1.8802474748804D+01
  5.525000   -1.8238615664877D+01
  5.550000   -1.7694147041375D+01
  5.575000   -1.7168330554003D+01
  5.600000   -1.6660458071278D+01
  5.625000   -1.6169850363783D+01
  5.650000   -1.5695855871415D+01
  5.675000   -1.5237849522078D+01
  5.700000   -1.4795231603605D+01
  5.725000   -1.4367426683345D+01
  5.750000   -1.3953882576125D+01
  5.775000   -1.3554069355090D+01
  5.800000   -1.3167478408391D+01
  5.825000   -1.2793621534245D+01
  5.850000   -1.2432030077885D+01
  5.875000   -1.2082254103546D+01
  5.900000   -1.1743861605203D+01
  5.925000   -1.1416437749075D+01
  5.950000   -1.1099584151521D+01
  5.975000   -1.0792918186782D+01
  6.000000   -1.0496072325204D+01
  6.025000   -1.0208693500537D+01
  6.050000   -9.9304425047390D+00
  6.075000   -9.6609934085392D+00
  6.100000   -9.4000330086256D+00
  6.125000   -9.1472602958511D+00
  6.150000   -8.9023859505975D+00
  6.175000   -8.6651318562361D+00
  6.200000   -8.4352306361346D+00
  6.225000   -8.2124252094830D+00
  6.250000   -7.9964683672346D+00
  6.275000   -7.7871223645881D+00
  6.300000   -7.5841585334696D+00
  6.325000   -7.3873569103664D+00
  6.350000   -7.1965058793974D+00
  6.375000   -7.0114018326580D+00
  6.400000   -6.8318488436275D+00
  6.425000   -6.6576583550885D+00
  6.450000   -6.4886488807672D+00
  6.475000   -6.3246457187265D+00
  6.500000   -6.1654806781720D+00
  6.525000   -6.0109918172633D+00
  6.550000   -5.8610231920121D+00
  6.575000   -5.7154246160259D+00
  6.600000   -5.5740514304428D+00
  6.625000   -5.4367642842180D+00
  6.650000   -5.3034289220064D+00
  6.675000   -5.1739159826231D+00
  6.700000   -5.0481008057305D+00
  6.725000   -4.9258632458663D+00
  6.750000   -4.8070874950677D+00
  6.775000   -4.6916619127022D+00
  6.800000   -4.5794788618267D+00
  6.825000   -4.4704345537476D+00
  6.850000   -4.3644288974363D+00
  6.875000   -4.2613653565378D+00
  6.900000   -4.1611508113168D+00
  6.925000   -4.0636954269894D+00
  6.950000   -3.9689125271894D+00
  6.975000   -3.8767184725995D+00
  7.000000   -3.7870325451203D+00
  7.025000   -3.6997768357021D+00
  7.050000   -3.6148761379049D+00
  7.075000   -3.5322578450098D+00
  7.100000   -3.4518518519895D+00
  7.125000   -3.3735904607596D+00
  7.150000   -3.2974082897743D+00
  7.175000   -3.2232421872668D+00
  7.200000   -3.1510311475298D+00
  7.225000   -3.0807162312560D+00
  7.250000   -3.0122404884006D+00
  7.275000   -2.9455488846264D+00
  7.300000   -2.8805882304249D+00
  7.325000   -2.8173071133147D+00
  7.350000   -2.7556558323258D+00
  7.375000   -2.6955863355692D+00
  7.400000   -2.6370521596875D+00
  7.425000   -2.5800083724665D+00
  7.450000   -2.5244115171260D+00
  7.475000   -2.4702195588104D+00
  7.500000   -2.4173918334657D+00
  7.525000   -2.3658889984960D+00
  7.550000   -2.3156729855479D+00
  7.575000   -2.2667069547261D+00
  7.600000   -2.2189552512441D+00
  7.625000   -2.1723833629345D+00
  7.650000   -2.1269578800751D+00
  7.675000   -2.0826464564369D+00
  7.700000   -2.0394177718892D+00
  7.725000   -1.9972414964331D+00
  7.750000   -1.9560882556063D+00
  7.775000   -1.9159295972014D+00
  7.800000   -1.8767379592464D+00
  7.825000   -1.8384866391945D+00
  7.850000   -1.8011497642751D+00
  7.875000   -1.7647022629584D+00
  7.900000   -1.7291198374896D+00
  7.925000   -1.6943789374489D+00
  7.950000   -1.6604567342965D+00
  7.975000   -1.6273310968630D+00
  8.000000   -1.5949805677479D+00
  8.025000   -1.5633843405894D+00
  8.050000   -1.5325222381713D+00
  8.075000   -1.5023746913339D+00
  8.100000   -1.4729227186569D+00
  8.125000   -1.4441479068837D+00
  8.150000   -1.4160323920586D+00
  8.175000   -1.3885588413481D+00
  8.200000   -1.3617104355204D+00
  8.225000   -1.3354708520567D+00
  8.250000   -1.3098242488701D+00
  8.275000   -1.2847552486081D+00
  8.300000   -1.2602489235173D+00
  8.325000   -1.2362907808466D+00
  8.350000   -1.2128667487700D+00
  8.375000   -1.1899631628084D+00
  8.400000   -1.1675667527304D+00
  8.425000   -1.1456646299156D+00
  8.450000   -1.1242442751612D+00
  8.475000   -1.1032935269157D+00
  8.500000   -1.0828005699240D+00
  8.525000   -1.0627539242666D+00
  8.550000   -1.0431424347808D+00
  8.575000   -1.0239552608465D+00
  8.600000   -1.0051818665260D+00
  8.625000   -9.8681201104132D-01
  8.650000   -9.6883573957952D-01
  8.675000   -9.5124337441168D-01
  8.700000   -9.3402550631490D-01
  8.725000   -9.1717298628588D-01
  8.750000   -9.0067691753535D-01
  8.775000   -8.8452864775291D-01
  8.800000   -8.6871976163258D-01
  8.825000   -8.5324207364934D-01
  8.850000   -8.3808762107758D-01
  8.875000   -8.2324865724269D-01
  8.900000   -8.0871764499722D-01
  8.925000   -7.9448725041369D-01
  8.950000   -7.8055033668603D-01
  8.975000   -7.6689995823224D-01
  9.000000   -7.5352935499108D-01
  9.025000   -7.4043194690582D-01
  9.050000   -7.2760132858833D-01
  9.075000   -7.1503126415719D-01
  9.100000   -7.0271568224360D-01
  9.125000   -6.9064867115911D-01
  9.150000   -6.7882447421961D-01
  9.175000   -6.6723748521986D-01
  9.200000   -6.5588224405351D-01
  9.225000   -6.4475343247339D-01
  9.250000   -6.3384586998716D-01
  9.275000   -6.2315450988373D-01
  9.300000   -6.1267443538585D-01
  9.325000   -6.0240085592439D-01
  9.350000   -5.9232910353037D-01
  9.375000   -5.8245462934048D-01
  9.400000   -5.7277300021225D-01
  9.425000   -5.6327989544516D-01
  9.450000   -5.5397110360408D-01
  9.475000   -5.4484251944148D-01
  9.500000   -5.3589014091514D-01
  9.525000   -5.2711006629812D-01
  9.550000   -5.1849849137787D-01
  9.575000   -5.1005170674142D-01
  9.600000   -5.0176609514386D-01
  9.625000   -4.9363812895735D-01
  9.650000   -4.8566436769775D-01
  9.675000   -4.7784145562662D-01
  9.700000   -4.7016611942581D-01
  9.725000   -4.6263516594239D-01
  9.750000   -4.5524548000152D-01
  9.775000   -4.4799402228515D-01
  9.800000   -4.4087782727421D-01
  9.825000   -4.3389400125236D-01
  9.850000   -4.2703972036920D-01
  9.875000   -4.2031222876114D-01
  9.900000   -4.1370883672782D-01
  9.925000   -4.0722691896260D-01
  9.950000   -4.0086391283502D-01
  9.975000   -3.9461731672392D-01
 10.000000   -3.8848468839928D-01
 10.250000   -3.3292879537257D-01
 10.500000   -2.8646915903765D-01
 10.750000   -2.4743516144941D-01
 11.000000   -2.1449500984099D-01
 11.250000   -1.8658078412057D-01
 11.500000   -1.6283138818468D-01
 11.750000   -1.4254882546632D-01
 12.000000   -1.2516446463075D-01
 12.250000   -1.1021284888435D-01
 12.500000   -9.7311240079720D-02
 12.750000   -8.6143550648351D-02
 13.000000   -7.6447653414108D-02
 13.250000   -6.8005307063941D-02
 13.500000   -6.0634118403715D-02
 13.750000   -5.4181099137730D-02
 14.000000   -4.8517477343630D-02
 14.250000   -4.3534501088940D-02
 14.500000   -3.9140030271016D-02
 14.750000   -3.5255757503704D-02
 15.000000   -3.1814933197089D-02
 15.250000   -2.8760496443178D-02
 15.500000   -2.6043533829785D-02
 15.750000   -2.3622004273685D-02
 16.000000   -2.1459680454710D-02
 16.250000   -1.9525267245467D-02
 16.500000   -1.7791665273647D-02
 16.750000   -1.6235353887494D-02
 17.000000   -1.4835872673379D-02
 17.250000   -1.3575384569301D-02
 17.500000   -1.2438306739339D-02
 17.750000   -1.1410997884123D-02
 18.000000   -1.0481492688033D-02
 18.250000   -9.6392757439526D-03
 18.500000   -8.8750886286963D-03
 18.750000   -8.1807648878919D-03
 19.000000   -7.5490885764318D-03
 19.250000   -6.9736727280336D-03
 19.500000   -6.4488547254632D-03
 19.750000   -5.9696060359679D-03
 20.000000   -5.5314541840034D-03
 20.250000   -5.1304151710856D-03
 20.500000   -4.7629348332495D-03
 20.750000   -4.4258378603650D-03
 21.000000   -4.1162833967530D-03
 21.250000   -3.8317263059158D-03
 21.500000   -3.5698833192371D-03
 21.750000   -3.3287034037264D-03
 22.000000   -3.1063417809592D-03
 22.250000   -2.9011371113316D-03
 22.500000   -2.7115914271039D-03
 22.750000   -2.5363524564981D-03
 23.000000   -2.3741980310644D-03
 23.250000   -2.2240223110386D-03
 23.500000   -2.0848235996573D-03
 23.750000   -1.9556935483621D-03
 24.000000   -1.8358075813206D-03
 24.250000   -1.7244163904083D-03
 24.500000   -1.6208383713009D-03
 24.750000   -1.5244528881050D-03
 25.000000   -1.4346942684124D-03
 25.250000   -1.3510464431370D-03
 25.500000   -1.2730381562738D-03
 25.750000   -1.2002386790551D-03
 26.000000   -1.1322539710679D-03
 26.250000   -1.0687232379194D-03
 26.500000   -1.0093158411476D-03
 26.750000   -9.5372852138867D-04
 27.000000   -9.0168290044863D-04
 27.250000   -8.5292323197482D-04
 27.500000   -8.0721437395946D-04
 27.750000   -7.6433995940484D-04
 28.000000   -7.2410074419343D-04
 28.250000   -6.8631311358784D-04
 28.500000   -6.5080773087816D-04
 28.750000   -6.1742831353450D-04
 29.000000   -5.8603052384401D-04
 29.250000   -5.5648096244055D-04
 29.500000   -5.2865625439696D-04
 29.750000   -5.0244221866477D-04
 30.000000   -4.7773311263241D-04
 30.250000   -4.5443094444653D-04
 30.500000   -4.3244484651537D-04
 30.750000   -4.1169050430032D-04
 31.000000   -3.9208963511246D-04
 31.250000   -3.7356951217357D-04
 31.500000   -3.5606252968466D-04
 31.750000   -3.3950580507534D-04
 32.000000   -3.2384081499171D-04
 32.250000   -3.0901306192300D-04
 32.500000   -2.9497176867368D-04
 32.750000   -2.8166959816161D-04
 33.000000   -2.6906239626811D-04
 33.250000   -2.5710895568540D-04
 33.500000   -2.4577079890398D-04
 33.750000   -2.3501197865920D-04
 34.000000   -2.2479889431517D-04
 34.250000   -2.1510012280679D-04
 34.500000   -2.0588626288925D-04
 34.750000   -1.9712979155978D-04
 35.000000   -1.8880493162093D-04
 35.250000   -1.8088752944819D-04
 35.500000   -1.7335494211004D-04
 35.750000   -1.6618593306475D-04
 36.000000   -1.5936057572765D-04
 36.250000   -1.5286016426508D-04
 36.500000   -1.4666713102806D-04
 36.750000   -1.4076497008998D-04
 37.000000   -1.3513816639902D-04
 37.250000   -1.2977213009838D-04
 37.500000   -1.2465313560575D-04
 37.750000   -1.1976826507798D-04
 38.000000   -1.1510535591877D-04
 38.250000   -1.1065295201598D-04
 38.500000   -1.0640025842106D-04
 38.750000   -1.0233709920728D-04
 39.000000   -9.8453878264910D-05
 39.250000   -9.4741542811411D-05
 39.500000   -9.1191549412754D-05
 39.750000   -8.7795832328415D-05
 40.000000   -8.4546774007756D-05
 40.250000   -8.1437177579177D-05
 40.500000   -7.8460241186073D-05
 40.750000   -7.5609534035118D-05
 41.000000   -7.2878974032955D-05
 41.250000   -7.0262806897039D-05
 41.500000   -6.7755586635215D-05
 41.750000   -6.5352157296745D-05
 42.000000   -6.3047635904948D-05
 42.250000   -6.0837396488459D-05
 42.500000   -5.8717055134370D-05
 42.750000   -5.6682455992325D-05
 43.000000   -5.4729658163917D-05
 43.250000   -5.2854923416636D-05
 43.500000   -5.1054704666094D-05
 43.750000   -4.9325635174408D-05
 44.000000   -4.7664518416419D-05
 44.250000   -4.6068318568941D-05
 44.500000   -4.4534151581479D-05
 44.750000   -4.3059276789833D-05
 45.000000   -4.1641089036777D-05
 45.250000   -4.0277111266533D-05
 45.500000   -3.8964987562123D-05
 45.750000   -3.7702476596863D-05
 46.000000   -3.6487445473244D-05
 46.250000   -3.5317863924356D-05
 46.500000   -3.4191798854672D-05
 46.750000   -3.3107409198656D-05
 47.000000   -3.2062941077101D-05
 47.250000   -3.1056723232484D-05
 47.500000   -3.0087162725897D-05
 47.750000   -2.9152740879273D-05
 48.000000   -2.8252009447737D-05
 48.250000   -2.7383587007913D-05
 48.500000   -2.6546155548949D-05
 48.750000   -2.5738457253930D-05
 49.000000   -2.4959291460112D-05
 49.250000   -2.4207511787205D-05
 49.500000   -2.3482023423615D-05
 49.750000   -2.2781780561210D-05
 50.000000   -2.2105783969787D-05
 50.250000   -2.1453078702977D-05
 50.500000   -2.0822751927860D-05
 50.750000   -2.0213930871034D-05
 51.000000   -1.9625780874374D-05
 51.250000   -1.9057503554091D-05
 51.500000   -1.8508335057165D-05
 51.750000   -1.7977544409532D-05
 52.000000   -1.7464431950789D-05
 52.250000   -1.6968327850511D-05
 52.500000   -1.6488590701531D-05
 52.750000   -1.6024606185876D-05
 53.000000   -1.5575785809263D-05
 53.250000   -1.5141565700338D-05
 53.500000   -1.4721405471057D-05
 53.750000   -1.4314787134836D-05
 54.000000   -1.3921214079274D-05
 54.250000   -1.3540210090472D-05
 54.500000   -1.3171318426133D-05
 54.750000   -1.2814100934780D-05
 55.000000   -1.2468137218623D-05
 55.250000   -1.2133023837701D-05
 55.500000   -1.1808373553103D-05
 55.750000   -1.1493814607186D-05
 56.000000   -1.1188990038811D-05
 56.250000   -1.0893557031760D-05
 56.500000   -1.0607186294582D-05
 56.750000   -1.0329561470218D-05
 57.000000   -1.0060378573862D-05
 57.250000   -9.7993454575753D-06
 57.500000   -9.5461813002867D-06
 57.750000   -9.3006161218607D-06
 58.000000   -9.0623903200030D-06
 58.250000   -8.8312542288376D-06
 58.500000   -8.6069676980527D-06
 58.750000   -8.3892996915747D-06
 59.000000   -8.1780279047859D-06
 59.250000   -7.9729383993539D-06
 59.500000   -7.7738252547941D-06
 59.750000   -7.5804902359299D-06
 60.000000   -7.3927424754648D-06
 60.250000   -7.2103981709185D-06
 60.500000   -7.0332802952214D-06
 60.750000   -6.8612183202986D-06
 61.000000   -6.6940479530100D-06
 61.250000   -6.5316108828458D-06
 61.500000   -6.3737545408096D-06
 61.750000   -6.2203318689488D-06
 62.000000   -6.0712011000228D-06
 62.250000   -5.9262255468230D-06
 62.500000   -5.7852734006864D-06
 62.750000   -5.6482175387659D-06
 63.000000   -5.5149353396437D-06
 63.250000   -5.3853085068965D-06
 63.500000   -5.2592229002378D-06
 63.750000   -5.1365683738860D-06
 64.000000   -5.0172386218198D-06
 64.250000   -4.9011310296040D-06
 64.500000   -4.7881465324814D-06
 64.750000   -4.6781894794432D-06
 65.000000   -4.5711675030033D-06
 65.250000   -4.4669913944183D-06
 65.500000   -4.3655749841033D-06
 65.750000   -4.2668350270101D-06
 66.000000   -4.1706910927429D-06
 66.250000   -4.0770654601997D-06
 66.500000   -3.9858830165360D-06
 66.750000   -3.8970711602574D-06
 67.000000   -3.8105597082604D-06
 67.250000   -3.7262808066427D-06
 67.500000   -3.6441688451202D-06
 67.750000   -3.5641603748903D-06
 68.000000   -3.4861940297913D-06
 68.250000   -3.4102104506136D-06
 68.500000   -3.3361522124267D-06
 68.750000   -3.2639637547900D-06
 69.000000   -3.1935913147246D-06
 69.250000   -3.1249828623259D-06
 69.500000   -3.0580880389046D-06
 69.750000   -2.9928580975482D-06
 70.000000   -2.9292458460000D-06
 70.250000   -2.8672055917568D-06
 70.500000   -2.8066930892926D-06
 70.750000   -2.7476654893179D-06
 71.000000   -2.6900812899899D-06
 71.250000   -2.6339002899912D-06
 71.500000   -2.5790835434006D-06
 71.750000   -2.5255933162800D-06
 72.000000   -2.4733930449073D-06
 72.250000   -2.4224472955878D-06
 72.500000   -2.3727217259783D-06
 72.750000   -2.3241830478624D-06
 73.000000   -2.2767989913182D-06
 73.250000   -2.2305382702211D-06
 73.500000   -2.1853705490285D-06
 73.750000   -2.1412664107931D-06
 74.000000   -2.0981973263568D-06
 74.250000   -2.0561356246780D-06
 74.500000   -2.0150544642448D-06
 74.750000   -1.9749278055340D-06
 75.000000   -1.9357303844714D-06
 75.250000   -1.8974376868557D-06
 75.500000   -1.8600259237075D-06
 75.750000   -1.8234720075064D-06
 76.000000   -1.7877535292819D-06
 76.250000   -1.7528487365255D-06
 76.500000   -1.7187365118898D-06
 76.750000   -1.6853963526470D-06
 77.000000   -1.6528083508745D-06
 77.250000   -1.6209531743423D-06
 77.500000   -1.5898120480726D-06
 77.750000   -1.5593667365478D-06
 78.000000   -1.5295995265417D-06
 78.250000   -1.5004932105489D-06
 78.500000   -1.4720310707921D-06
 78.750000   -1.4441968637824D-06
 79.000000   -1.4169748054149D-06
 79.250000   -1.3903495565771D-06
 79.500000   -1.3643062092520D-06
 79.750000   -1.3388302730969D-06
 80.000000   -1.3139076624806D-06
 80.250000   -1.2895246839623D-06
 80.500000   -1.2656680241943D-06
 80.750000   -1.2423247382345D-06
 81.000000   -1.2194822382536D-06
 81.250000   -1.1971282826208D-06
 81.500000   -1.1752509653560D-06
 81.750000   -1.1538387059348D-06
 82.000000   -1.1328802394320D-06
 82.250000   -1.1123646069938D-06
 82.500000   -1.0922811466244D-06
 82.750000   -1.0726194842774D-06
 83.000000   -1.0533695252405D-06
 83.250000   -1.0345214458022D-06
 83.500000   -1.0160656851921D-06
 83.750000   -9.9799293778327D-07
 84.000000   -9.8029414554890D-07
 84.250000   -9.6296049076320D-07
 84.500000   -9.4598338893847D-07
 84.750000   -9.2935448198972D-07
 85.000000   -9.1306563161920D-07
 85.250000   -8.9710891291284D-07
 85.500000   -8.8147660814133D-07
 85.750000   -8.6616120075883D-07
 86.000000   -8.5115536959223D-07
 86.250000   -8.3645198321459D-07
 86.500000   -8.2204409449632D-07
 86.750000   -8.0792493532795D-07
 87.000000   -7.9408791150868D-07
 87.250000   -7.8052659779507D-07
 87.500000   -7.6723473310425D-07
 87.750000   -7.5420621586666D-07
 88.000000   -7.4143509952299D-07
 88.250000   -7.2891558816064D-07
 88.500000   -7.1664203228488D-07
 88.750000   -7.0460892472027D-07
 89.000000   -6.9281089663794D-07
 89.250000   -6.8124271370446D-07
 89.500000   -6.6989927234840D-07
 89.750000   -6.5877559614051D-07
 90.000000   -6.4786683228389D-07
 90.250000   -6.3716824821040D-07
 90.500000   -6.2667522827990D-07
 90.750000   -6.1638327057888D-07
 91.000000   -6.0628798381527D-07
 91.250000   -5.9638508430624D-07
 91.500000   -5.8667039305602D-07
 91.750000   -5.7713983292073D-07
 92.000000   -5.6778942585750D-07
 92.250000   -5.5861529025505D-07
 92.500000   -5.4961363834319D-07
 92.750000   -5.4078077367869D-07
 93.000000   -5.3211308870497D-07
 93.250000   -5.2360706238344D-07
 93.500000   -5.1525925789396D-07
 93.750000   -5.0706632040252D-07
 94.000000   -4.9902497489366D-07
 94.250000   -4.9113202406591D-07
 94.500000   -4.8338434628804D-07
 94.750000   -4.7577889361431D-07
 95.000000   -4.6831268985680D-07
 95.250000   -4.6098282871310D-07
 95.500000   -4.5378647194762D-07
 95.750000   -4.4672084762479D-07
 96.000000   -4.3978324839259D-07
 96.250000   -4.3297102981484D-07
 96.500000   -4.2628160875077D-07
 96.750000   -4.1971246178033D-07
 97.000000   -4.1326112367393D-07
 97.250000   -4.0692518590519D-07
 97.500000   -4.0070229520540D-07
 97.750000   -3.9459015215841D-07
 98.000000   -3.8858650983472D-07
 98.250000   -3.8268917246361D-07
 98.500000   -3.7689599414212D-07
 98.750000   -3.7120487757976D-07
 99.000000   -3.6561377287789D-07
 99.250000   -3.6012067634282D-07
 99.500000   -3.5472362933136D-07
 99.750000   -3.4942071712821D-07
100.000000   -3.4421006785389D-07
