(6,6)Li2, c-state, V(r=infinity) is 0.0 cm-1
FROM: Mariusz Semzcuk, Xuan Li, Will Gunton, Magnus Haw, Nike S. Dattani, Julien Witz, Arthur K. Mills, David J. Jones, Kirk W. Madison (2013) PRA

Column 1: r (internuclear distance) in Angstroms
Column 2: V(r) in cm-1

    1.400000    3.7134056410242D+04 
    1.500000    2.5767425061859D+04 
    1.600000    1.7988834785979D+04 
    1.700000    1.2310385319984D+04 
    1.800000    7.9648885715489D+03 
    1.900000    4.5388888714283D+03 
    2.000000    1.7975846481952D+03 
    2.100000   -4.0307062812475D+02 
    2.200000   -2.1611150755477D+03 
    2.300000   -3.5507677818519D+03 
    2.400000   -4.6327530586915D+03 
    2.500000   -5.4586845368291D+03 
    2.600000   -6.0727984094222D+03 
    2.700000   -6.5127449978933D+03 
    2.800000   -6.8102039876375D+03 
    2.900000   -6.9915679783721D+03 
    3.000000   -7.0786957118522D+03 
    3.100000   -7.0896592194093D+03 
    3.200000   -7.0394157797086D+03 
    3.300000   -6.9403707918724D+03 
    3.400000   -6.8028305074519D+03 
    3.500000   -6.6353621864126D+03 
    3.600000   -6.4450839879627D+03 
    3.700000   -6.2379033409309D+03 
    3.800000   -6.0187163886738D+03 
    3.900000   -5.7915759152164D+03 
    4.000000   -5.5598321247892D+03 
    4.100000   -5.3262494719330D+03 
    4.200000   -5.0931026003907D+03 
    4.300000   -4.8622546046867D+03 
    4.400000   -4.6352208493153D+03 
    4.500000   -4.4132213353138D+03 
    4.600000   -4.1972241469301D+03 
    4.700000   -3.9879819665508D+03 
    4.800000   -3.7860631298808D+03 
    4.900000   -3.5918782765825D+03 
    5.000000   -3.4057033561135D+03 
    5.100000   -3.2276995605554D+03 
    5.200000   -3.0579306445813D+03 
    5.300000   -2.8963780243799D+03 
    5.400000   -2.7429539968598D+03 
    5.500000   -2.5975133730714D+03 
    5.600000   -2.4598637703355D+03 
    5.700000   -2.3297747571395D+03 
    5.800000   -2.2069859973434D+03 
    5.900000   -2.0912144995850D+03 
    6.000000   -1.9821610465508D+03 
    6.100000   -1.8795158577045D+03 
    6.200000   -1.7829635272727D+03 
    6.300000   -1.6921872748609D+03 
    6.400000   -1.6068725467277D+03 
    6.500000   -1.5267100092206D+03 
    6.600000   -1.4513979803320D+03 
    6.700000   -1.3806443494168D+03 
    6.800000   -1.3141680379936D+03 
    6.900000   -1.2517000558406D+03 
    7.000000   -1.1929842062407D+03 
    7.100000   -1.1377774923874D+03 
    7.200000   -1.0858502739250D+03 
    7.300000   -1.0369862186897D+03 
    7.400000   -9.9098209027222D+02 
    7.500000   -9.4764740732874D+02 
    7.600000   -9.0680400585574D+02 
    7.700000   -8.6828553110518D+02 
    7.800000   -8.3193688156607D+02 
    7.900000   -7.9761362356324D+02 
    8.000000   -7.6518139156203D+02 
    8.100000   -7.3451528623149D+02 
    8.200000   -7.0549927969887D+02 
    8.300000   -6.7802563520155D+02 
    8.400000   -6.5199434647555D+02 
    8.500000   -6.2731260067560D+02 
    8.600000   -6.0389426736186D+02 
    8.700000   -5.8165941507436D+02 
    8.800000   -5.6053385621182D+02 
    8.900000   -5.4044872030533D+02 
    9.000000   -5.2134005529759D+02 
    9.100000   -5.0314845608169D+02 
    9.200000   -4.8581871929487D+02 
    9.300000   -4.6929952318512D+02 
    9.400000   -4.5354313125446D+02 
    9.500000   -4.3850511831861D+02 
    9.600000   -4.2414411759856D+02 
    9.700000   -4.1042158746407D+02 
    9.800000   -3.9730159647687D+02 
    9.900000   -3.8475062542427D+02 
   10.000000   -3.7273738508923D+02 
   10.100000   -3.6123264856467D+02 
   10.200000   -3.5020909698678D+02 
   10.300000   -3.3964117763095D+02 
   10.400000   -3.2950497338298D+02 
   10.500000   -3.1977808266660D+02 
   10.600000   -3.1043950897477D+02 
   10.700000   -3.0146955921574D+02 
   10.800000   -2.9284975014581D+02 
   10.900000   -2.8456272221788D+02 
   11.000000   -2.7659216022895D+02 
   11.100000   -2.6892272019980D+02 
   11.200000   -2.6153996196742D+02 
   11.300000   -2.5443028701352D+02 
   11.400000   -2.4758088109335D+02 
   11.500000   -2.4097966126552D+02 
   11.600000   -2.3461522695782D+02 
   11.700000   -2.2847681473544D+02 
   11.800000   -2.2255425646637D+02 
   11.900000   -2.1683794060534D+02 
   12.000000   -2.1131877634140D+02 
   12.100000   -2.0598816037658D+02 
   12.200000   -2.0083794612263D+02 
   12.300000   -1.9586041512164D+02 
   12.400000   -1.9104825051259D+02 
   12.500000   -1.8639451238143D+02 
   12.600000   -1.8189261484610D+02 
   12.700000   -1.7753630474019D+02 
   12.800000   -1.7331964177119D+02 
   12.900000   -1.6923698003895D+02 
   13.000000   -1.6528295081020D+02 
   13.100000   -1.6145244645338D+02 
   13.200000   -1.5774060544596D+02 
   13.300000   -1.5414279837395D+02 
   13.400000   -1.5065461484962D+02 
   13.500000   -1.4727185127954D+02 
   13.600000   -1.4399049942089D+02 
   13.700000   -1.4080673566839D+02 
   13.800000   -1.3771691101946D+02 
   13.900000   -1.3471754166894D+02 
   14.000000   -1.3180530018872D+02 
   14.100000   -1.2897700725121D+02 
   14.200000   -1.2622962385857D+02 
   14.300000   -1.2356024404285D+02 
   14.400000   -1.2096608800448D+02 
   14.500000   -1.1844449565958D+02 
   14.600000   -1.1599292056817D+02 
   14.700000   -1.1360892421802D+02 
   14.800000   -1.1129017064030D+02 
   14.900000   -1.0903442133542D+02 
   15.000000   -1.0683953048851D+02 
   15.100000   -1.0470344045602D+02 
   15.200000   -1.0262417750584D+02 
   15.300000   -1.0059984779483D+02 
   15.400000   -9.8628633568794D+01 
   15.500000   -9.6708789570815D+01 
   15.600000   -9.4838639645095D+01 
   15.700000   -9.3016573524158D+01 
   15.800000   -9.1241043788197D+01 
   15.900000   -8.9510562986097D+01 
   16.000000   -8.7823700908370D+01 
   16.100000   -8.6179082002922D+01 
   16.200000   -8.4575382925141D+01 
   16.300000   -8.3011330214402D+01 
   16.400000   -8.1485698089590D+01 
   16.500000   -7.9997306356708D+01 
   16.600000   -7.8545018422132D+01 
   16.700000   -7.7127739405442D+01 
   16.800000   -7.5744414346190D+01 
   16.900000   -7.4394026499289D+01 
   17.000000   -7.3075595714072D+01 
   17.100000   -7.1788176892358D+01 
   17.200000   -7.0530858521165D+01 
   17.300000   -6.9302761275985D+01 
   17.400000   -6.8103036690766D+01 
   17.500000   -6.6930865890993D+01 
   17.600000   -6.5785458386497D+01 
   17.700000   -6.4666050920779D+01 
   17.800000   -6.3571906373880D+01 
   17.900000   -6.2502312715957D+01 
   18.000000   -6.1456582008922D+01 
   18.100000   -6.0434049453660D+01 
   18.200000   -5.9434072480441D+01 
   18.300000   -5.8456029880351D+01 
   18.400000   -5.7499320975614D+01 
   18.500000   -5.6563364826870D+01 
   18.600000   -5.5647599475517D+01 
   18.700000   -5.4751481219394D+01 
   18.800000   -5.3874483920125D+01 
   18.900000   -5.3016098340572D+01 
   19.000000   -5.2175831510917D+01 
   19.100000   -5.1353206121977D+01 
   19.200000   -5.0547759944424D+01 
   19.300000   -4.9759045272674D+01 
   19.400000   -4.8986628392254D+01 
   19.500000   -4.8230089069523D+01 
   19.600000   -4.7489020062702D+01 
   19.700000   -4.6763026653205D+01 
   19.800000   -4.6051726196307D+01 
   19.900000   -4.5354747690270D+01 
   20.000000   -4.4671731363053D+01 
   20.100000   -4.4002328275816D+01 
   20.200000   -4.3346199942423D+01 
   20.300000   -4.2703017964249D+01 
   20.400000   -4.2072463679561D+01 
   20.500000   -4.1454227826850D+01 
   20.600000   -4.0848010221469D+01 
   20.700000   -4.0253519444986D+01 
   20.800000   -3.9670472546698D+01 
   20.900000   -3.9098594756760D+01 
   21.000000   -3.8537619210429D+01 
   21.100000   -3.7987286682923D+01 
   21.200000   -3.7447345334455D+01 
   21.300000   -3.6917550464986D+01 
   21.400000   -3.6397664278283D+01 
   21.500000   -3.5887455654898D+01 
   21.600000   -3.5386699933662D+01 
   21.700000   -3.4895178701362D+01 
   21.800000   -3.4412679590238D+01 
   21.900000   -3.3938996082978D+01 
   22.000000   -3.3473927324903D+01 
   22.100000   -3.3017277943035D+01 
   22.200000   -3.2568857871771D+01 
   22.300000   -3.2128482184890D+01 
   22.400000   -3.1695970933631D+01 
   22.500000   -3.1271148990600D+01 
   22.600000   -3.0853845899264D+01 
   22.700000   -3.0443895728818D+01 
   22.800000   -3.0041136934188D+01 
   22.900000   -2.9645412220998D+01 
   23.000000   -2.9256568415266D+01 
   23.100000   -2.8874456337671D+01 
   23.200000   -2.8498930682202D+01 
   23.300000   -2.8129849899008D+01 
   23.400000   -2.7767076081301D+01 
   23.500000   -2.7410474856143D+01 
   23.600000   -2.7059915278968D+01 
   23.700000   -2.6715269731708D+01 
   23.800000   -2.6376413824361D+01 
   23.900000   -2.6043226299895D+01 
   24.000000   -2.5715588942345D+01 
   24.100000   -2.5393386487983D+01 
   24.200000   -2.5076506539463D+01 
   24.300000   -2.4764839482800D+01 
   24.400000   -2.4458278407101D+01 
   24.500000   -2.4156719026941D+01 
   24.600000   -2.3860059607278D+01 
   24.700000   -2.3568200890820D+01 
   24.800000   -2.3281046027750D+01 
   24.900000   -2.2998500507736D+01 
   25.000000   -2.2720472094116D+01 
   25.100000   -2.2446870760210D+01 
   25.200000   -2.2177608627661D+01 
   25.300000   -2.1912599906741D+01 
   25.400000   -2.1651760838547D+01 
   25.500000   -2.1395009639025D+01 
   25.600000   -2.1142266444759D+01 
   25.700000   -2.0893453260443D+01 
   25.800000   -2.0648493908011D+01 
   25.900000   -2.0407313977336D+01 
   26.000000   -2.0169840778456D+01 
   26.100000   -1.9936003295275D+01 
   26.200000   -1.9705732140689D+01 
   26.300000   -1.9478959513074D+01 
   26.400000   -1.9255619154115D+01 
   26.500000   -1.9035646307901D+01 
   26.600000   -1.8818977681264D+01 
   26.700000   -1.8605551405311D+01 
   26.800000   -1.8395306998112D+01 
   26.900000   -1.8188185328498D+01 
   27.000000   -1.7984128580942D+01 
   27.100000   -1.7783080221479D+01 
   27.200000   -1.7584984964637D+01 
   27.300000   -1.7389788741333D+01 
   27.400000   -1.7197438667721D+01 
   27.500000   -1.7007883014942D+01 
   27.600000   -1.6821071179759D+01 
   27.700000   -1.6636953656044D+01 
   27.800000   -1.6455482007083D+01 
   27.900000   -1.6276608838689D+01 
   28.000000   -1.6100287773075D+01 
   28.100000   -1.5926473423482D+01 
   28.200000   -1.5755121369523D+01 
   28.300000   -1.5586188133235D+01 
   28.400000   -1.5419631155797D+01 
   28.500000   -1.5255408774916D+01 
   28.600000   -1.5093480202838D+01 
   28.700000   -1.4933805504977D+01 
   28.800000   -1.4776345579145D+01 
   28.900000   -1.4621062135350D+01 
   29.000000   -1.4467917676158D+01 
   29.100000   -1.4316875477600D+01 
   29.200000   -1.4167899570594D+01 
   29.300000   -1.4020954722887D+01 
   29.400000   -1.3876006421479D+01 
   29.500000   -1.3733020855536D+01 
   29.600000   -1.3591964899757D+01 
   29.700000   -1.3452806098196D+01 
   29.800000   -1.3315512648514D+01 
   29.900000   -1.3180053386662D+01 
   30.000000   -1.3046397771966D+01 
   30.100000   -1.2914515872608D+01 
   30.200000   -1.2784378351505D+01 
   30.300000   -1.2655956452545D+01 
   30.400000   -1.2529221987200D+01 
   30.500000   -1.2404147321481D+01 
   30.600000   -1.2280705363244D+01 
   30.700000   -1.2158869549817D+01 
   30.800000   -1.2038613835959D+01 
   30.900000   -1.1919912682127D+01 
   31.000000   -1.1802741043043D+01 
   31.100000   -1.1687074356564D+01 
   31.200000   -1.1572888532831D+01 
   31.300000   -1.1460159943697D+01 
   31.400000   -1.1348865412428D+01 
   31.500000   -1.1238982203663D+01 
   31.600000   -1.1130488013632D+01 
   31.700000   -1.1023360960616D+01 
   31.800000   -1.0917579575652D+01 
   31.900000   -1.0813122793469D+01 
   32.000000   -1.0709969943654D+01 
   32.100000   -1.0608100742036D+01 
   32.200000   -1.0507495282282D+01 
   32.300000   -1.0408134027709D+01 
   32.400000   -1.0309997803291D+01 
   32.500000   -1.0213067787864D+01 
   32.600000   -1.0117325506531D+01 
   32.700000   -1.0022752823239D+01 
   32.800000   -9.9293319335510D+00 
   32.900000   -9.8370453575832D+00 
   33.000000   -9.7458759331214D+00 
   33.100000   -9.6558068088994D+00 
   33.200000   -9.5668214380414D+00 
   33.300000   -9.4789035716621D+00 
   33.400000   -9.3920372526192D+00 
   33.500000   -9.3062068094166D+00 
   33.600000   -9.2213968502524D+00 
   33.700000   -9.1375922572076D+00 
   33.800000   -9.0547781805739D+00 
   33.900000   -8.9729400333144D+00 
   34.000000   -8.8920634856550D+00 
   34.100000   -8.8121344598035D+00 
   34.200000   -8.7331391247909D+00 
   34.300000   -8.6550638914348D+00 
   34.400000   -8.5778954074189D+00 
   34.500000   -8.5016205524869D+00 
   34.600000   -8.4262264337479D+00 
   34.700000   -8.3517003810901D+00 
   34.800000   -8.2780299426997D+00 
   34.900000   -8.2052028806826D+00 
   35.000000   -8.1332071667867D+00 
   35.100000   -8.0620309782216D+00 
   35.200000   -7.9916626935726D+00 
   35.300000   -7.9220908888087D+00 
   35.400000   -7.8533043333799D+00 
   35.500000   -7.7852919864027D+00 
   35.600000   -7.7180429929316D+00 
   35.700000   -7.6515466803137D+00 
   35.800000   -7.5857925546258D+00 
   35.900000   -7.5207702971895D+00 
   36.000000   -7.4564697611651D+00 
   36.100000   -7.3928809682203D+00 
   36.200000   -7.3299941052726D+00 
   36.300000   -7.2677995213038D+00 
   36.400000   -7.2062877242444D+00 
   36.500000   -7.1454493779261D+00 
   36.600000   -7.0852752991014D+00 
   36.700000   -7.0257564545275D+00 
   36.800000   -6.9668839581145D+00 
   36.900000   -6.9086490681347D+00 
   37.000000   -6.8510431844926D+00 
   37.100000   -6.7940578460536D+00 
   37.200000   -6.7376847280304D+00 
   37.300000   -6.6819156394255D+00 
   37.400000   -6.6267425205276D+00 
   37.500000   -6.5721574404628D+00 
   37.600000   -6.5181525947970D+00 
   37.700000   -6.4647203031890D+00 
   37.800000   -6.4118530070940D+00 
   37.900000   -6.3595432675151D+00 
   38.000000   -6.3077837628024D+00 
   38.100000   -6.2565672864979D+00 
   38.200000   -6.2058867452260D+00 
   38.300000   -6.1557351566278D+00 
   38.400000   -6.1061056473386D+00 
   38.500000   -6.0569914510074D+00 
   38.600000   -6.0083859063571D+00 
   38.700000   -5.9602824552852D+00 
   38.800000   -5.9126746410037D+00 
   38.900000   -5.8655561062171D+00 
   39.000000   -5.8189205913374D+00 
   39.100000   -5.7727619327363D+00 
   39.200000   -5.7270740610327D+00 
   39.300000   -5.6818509994151D+00 
   39.400000   -5.6370868619980D+00 
   39.500000   -5.5927758522117D+00 
   39.600000   -5.5489122612244D+00 
   39.700000   -5.5054904663966D+00 
   39.800000   -5.4625049297659D+00 
   39.900000   -5.4199501965626D+00 
   40.000000   -5.3778208937551D+00 
   40.100000   -5.3361117286235D+00 
   40.200000   -5.2948174873629D+00 
   40.300000   -5.2539330337132D+00 
   40.400000   -5.2134533076166D+00 
   40.500000   -5.1733733239016D+00 
   40.600000   -5.1336881709928D+00 
   40.700000   -5.0943930096462D+00 
   40.800000   -5.0554830717090D+00 
   40.900000   -5.0169536589039D+00 
   41.000000   -4.9788001416373D+00 
   41.100000   -4.9410179578300D+00 
   41.200000   -4.9036026117714D+00 
   41.300000   -4.8665496729953D+00 
   41.400000   -4.8298547751780D+00 
   41.500000   -4.7935136150567D+00 
   41.600000   -4.7575219513698D+00 
   41.700000   -4.7218756038167D+00 
   41.800000   -4.6865704520377D+00 
   41.900000   -4.6516024346138D+00 
   42.000000   -4.6169675480850D+00 
   42.100000   -4.5826618459875D+00 
   42.200000   -4.5486814379088D+00 
   42.300000   -4.5150224885614D+00 
   42.400000   -4.4816812168732D+00 
   42.500000   -4.4486538950956D+00 
   42.600000   -4.4159368479278D+00 
   42.700000   -4.3835264516578D+00 
   42.800000   -4.3514191333197D+00 
   42.900000   -4.3196113698661D+00 
   43.000000   -4.2880996873563D+00 
   43.100000   -4.2568806601597D+00 
   43.200000   -4.2259509101734D+00 
   43.300000   -4.1953071060547D+00 
   43.400000   -4.1649459624677D+00 
   43.500000   -4.1348642393433D+00 
   43.600000   -4.1050587411538D+00 
   43.700000   -4.0755263161993D+00 
   43.800000   -4.0462638559085D+00 
   43.900000   -4.0172682941512D+00 
   44.000000   -3.9885366065644D+00 
   44.100000   -3.9600658098891D+00 
   44.200000   -3.9318529613207D+00 
   44.300000   -3.9038951578699D+00 
   44.400000   -3.8761895357360D+00 
   44.500000   -3.8487332696905D+00 
   44.600000   -3.8215235724730D+00 
   44.700000   -3.7945576941966D+00 
   44.800000   -3.7678329217646D+00 
   44.900000   -3.7413465782979D+00 
   45.000000   -3.7150960225718D+00 
   45.100000   -3.6890786484631D+00 
   45.200000   -3.6632918844075D+00 
   45.300000   -3.6377331928655D+00 
   45.400000   -3.6124000697987D+00 
   45.500000   -3.5872900441548D+00 
   45.600000   -3.5624006773617D+00 
   45.700000   -3.5377295628307D+00 
   45.800000   -3.5132743254679D+00 
   45.900000   -3.4890326211943D+00 
   46.000000   -3.4650021364748D+00 
   46.100000   -3.4411805878543D+00 
   46.200000   -3.4175657215028D+00 
   46.300000   -3.3941553127677D+00 
   46.400000   -3.3709471657343D+00 
   46.500000   -3.3479391127934D+00 
   46.600000   -3.3251290142167D+00 
   46.700000   -3.3025147577393D+00 
   46.800000   -3.2800942581491D+00 
   46.900000   -3.2578654568839D+00 
   47.000000   -3.2358263216345D+00 
   47.100000   -3.2139748459549D+00 
   47.200000   -3.1923090488795D+00 
   47.300000   -3.1708269745461D+00 
   47.400000   -3.1495266918255D+00 
   47.500000   -3.1284062939577D+00 
   47.600000   -3.1074638981935D+00 
   47.700000   -3.0866976454428D+00 
   47.800000   -3.0661056999284D+00 
   47.900000   -3.0456862488455D+00 
   48.000000   -3.0254375020272D+00 
   48.100000   -3.0053576916155D+00 
   48.200000   -2.9854450717372D+00 
   48.300000   -2.9656979181861D+00 
   48.400000   -2.9461145281097D+00 
   48.500000   -2.9266932197013D+00 
   48.600000   -2.9074323318971D+00 
   48.700000   -2.8883302240787D+00 
   48.800000   -2.8693852757797D+00 
   48.900000   -2.8505958863978D+00 
   49.000000   -2.8319604749112D+00 
   49.100000   -2.8134774795997D+00 
   49.200000   -2.7951453577704D+00 
   49.300000   -2.7769625854879D+00 
   49.400000   -2.7589276573084D+00 
   49.500000   -2.7410390860190D+00 
   49.600000   -2.7232954023803D+00 
   49.700000   -2.7056951548736D+00 
   49.800000   -2.6882369094520D+00 
   49.900000   -2.6709192492956D+00 
   50.000000   -2.6537407745706D+00 
   50.100000   -2.6367001021920D+00 
   50.200000   -2.6197958655906D+00 
   50.300000   -2.6030267144831D+00 
   50.400000   -2.5863913146462D+00 
   50.500000   -2.5698883476943D+00 
   50.600000   -2.5535165108603D+00 
   50.700000   -2.5372745167808D+00 
   50.800000   -2.5211610932831D+00 
   50.900000   -2.5051749831775D+00 
   51.000000   -2.4893149440511D+00 
   51.100000   -2.4735797480657D+00 
   51.200000   -2.4579681817591D+00 
   51.300000   -2.4424790458487D+00 
   51.400000   -2.4271111550388D+00 
   51.500000   -2.4118633378304D+00 
   51.600000   -2.3967344363345D+00 
   51.700000   -2.3817233060879D+00 
   51.800000   -2.3668288158717D+00 
   51.900000   -2.3520498475332D+00 
   52.000000   -2.3373852958098D+00 
   52.100000   -2.3228340681562D+00 
   52.200000   -2.3083950845739D+00 
   52.300000   -2.2940672774436D+00 
   52.400000   -2.2798495913595D+00 
   52.500000   -2.2657409829672D+00 
   52.600000   -2.2517404208028D+00 
   52.700000   -2.2378468851356D+00 
   52.800000   -2.2240593678126D+00 
   52.900000   -2.2103768721052D+00 
   53.000000   -2.1967984125584D+00 
   53.100000   -2.1833230148425D+00 
   53.200000   -2.1699497156070D+00 
   53.300000   -2.1566775623359D+00 
   53.400000   -2.1435056132063D+00 
   53.500000   -2.1304329369485D+00 
   53.600000   -2.1174586127080D+00 
   53.700000   -2.1045817299103D+00 
   53.800000   -2.0918013881267D+00 
   53.900000   -2.0791166969430D+00 
   54.000000   -2.0665267758297D+00 
   54.100000   -2.0540307540141D+00 
   54.200000   -2.0416277703543D+00 
   54.300000   -2.0293169732154D+00 
   54.400000   -2.0170975203470D+00 
   54.500000   -2.0049685787626D+00 
   54.600000   -1.9929293246214D+00 
   54.700000   -1.9809789431109D+00 
   54.800000   -1.9691166283316D+00 
   54.900000   -1.9573415831838D+00 
   55.000000   -1.9456530192553D+00 
   55.100000   -1.9340501567112D+00 
   55.200000   -1.9225322241852D+00 
   55.300000   -1.9110984586726D+00 
   55.400000   -1.8997481054242D+00 
   55.500000   -1.8884804178429D+00 
   55.600000   -1.8772946573805D+00 
   55.700000   -1.8661900934370D+00 
   55.800000   -1.8551660032607D+00 
   55.900000   -1.8442216718500D+00 
   56.000000   -1.8333563918565D+00 
   56.100000   -1.8225694634898D+00 
   56.200000   -1.8118601944231D+00 
   56.300000   -1.8012278997004D+00 
   56.400000   -1.7906719016453D+00 
   56.500000   -1.7801915297706D+00 
   56.600000   -1.7697861206895D+00 
   56.700000   -1.7594550180280D+00 
   56.800000   -1.7491975723384D+00 
   56.900000   -1.7390131410140D+00 
   57.000000   -1.7289010882053D+00 
   57.100000   -1.7188607847371D+00 
   57.200000   -1.7088916080268D+00 
   57.300000   -1.6989929420038D+00 
   57.400000   -1.6891641770304D+00 
   57.500000   -1.6794047098228D+00 
   57.600000   -1.6697139433747D+00 
   57.700000   -1.6600912868805D+00 
   57.800000   -1.6505361556605D+00 
   57.900000   -1.6410479710869D+00 
   58.000000   -1.6316261605104D+00 
   58.100000   -1.6222701571885D+00 
   58.200000   -1.6129794002143D+00 
   58.300000   -1.6037533344463D+00 
   58.400000   -1.5945914104394D+00 
   58.500000   -1.5854930843768D+00 
   58.600000   -1.5764578180026D+00 
   58.700000   -1.5674850785554D+00 
   58.800000   -1.5585743387031D+00 
   58.900000   -1.5497250764781D+00 
   59.000000   -1.5409367752137D+00 
   59.100000   -1.5322089234815D+00 
   59.200000   -1.5235410150288D+00 
   59.300000   -1.5149325487184D+00 
   59.400000   -1.5063830284673D+00 
   59.500000   -1.4978919631880D+00 
   59.600000   -1.4894588667292D+00 
   59.700000   -1.4810832578182D+00 
   59.800000   -1.4727646600038D+00 
   59.900000   -1.4645026015995D+00 
   60.000000   -1.4562966156283D+00 
   60.100000   -1.4481462397676D+00 
   60.200000   -1.4400510162951D+00 
   60.300000   -1.4320104920352D+00 
   60.400000   -1.4240242183062D+00 
   60.500000   -1.4160917508688D+00 
   60.600000   -1.4082126498738D+00 
   60.700000   -1.4003864798124D+00 
   60.800000   -1.3926128094653D+00 
   60.900000   -1.3848912118539D+00 
   61.000000   -1.3772212641913D+00 
   61.100000   -1.3696025478344D+00 
   61.200000   -1.3620346482363D+00 
   61.300000   -1.3545171548995D+00 
   61.400000   -1.3470496613294D+00 
   61.500000   -1.3396317649893D+00 
   61.600000   -1.3322630672547D+00 
   61.700000   -1.3249431733691D+00 
   61.800000   -1.3176716924003D+00 
   61.900000   -1.3104482371967D+00 
   62.000000   -1.3032724243447D+00 
   62.100000   -1.2961438741267D+00 
   62.200000   -1.2890622104789D+00 
   62.300000   -1.2820270609509D+00 
   62.400000   -1.2750380566644D+00 
   62.500000   -1.2680948322734D+00 
   62.600000   -1.2611970259245D+00 
   62.700000   -1.2543442792182D+00 
   62.800000   -1.2475362371698D+00 
   62.900000   -1.2407725481715D+00 
   63.000000   -1.2340528639549D+00 
   63.100000   -1.2273768395537D+00 
   63.200000   -1.2207441332672D+00 
   63.300000   -1.2141544066240D+00 
   63.400000   -1.2076073243462D+00 
   63.500000   -1.2011025543141D+00 
   63.600000   -1.1946397675314D+00 
   63.700000   -1.1882186380909D+00 
   63.800000   -1.1818388431402D+00 
   63.900000   -1.1755000628484D+00 
   64.000000   -1.1692019803729D+00 
   64.100000   -1.1629442818265D+00 
   64.200000   -1.1567266562453D+00 
   64.300000   -1.1505487955565D+00 
   64.400000   -1.1444103945474D+00 
   64.500000   -1.1383111508335D+00 
   64.600000   -1.1322507648283D+00 
   64.700000   -1.1262289397128D+00 
   64.800000   -1.1202453814053D+00 
   64.900000   -1.1142997985321D+00 
   65.000000   -1.1083919023980D+00 
   65.100000   -1.1025214069573D+00 
   65.200000   -1.0966880287855D+00 
   65.300000   -1.0908914870509D+00 
   65.400000   -1.0851315034870D+00 
   65.500000   -1.0794078023644D+00 
   65.600000   -1.0737201104644D+00 
   65.700000   -1.0680681570514D+00 
   65.800000   -1.0624516738468D+00 
   65.900000   -1.0568703950028D+00 
   66.000000   -1.0513240570761D+00 
   66.100000   -1.0458123990029D+00 
   66.200000   -1.0403351620732D+00 
   66.300000   -1.0348920899058D+00 
   66.400000   -1.0294829284241D+00 
   66.500000   -1.0241074258310D+00 
   66.600000   -1.0187653325856D+00 
   66.700000   -1.0134564013788D+00 
   66.800000   -1.0081803871102D+00 
   66.900000   -1.0029370468644D+00 
   67.000000   -9.9772613988866D-01 
   67.100000   -9.9254742756969D-01 
   67.200000   -9.8740067341154D-01 
   67.300000   -9.8228564301334D-01 
   67.400000   -9.7720210404744D-01 
   67.500000   -9.7214982623781D-01 
   67.600000   -9.6712858133863D-01 
   67.700000   -9.6213814311322D-01 
   67.800000   -9.5717828731316D-01 
   67.900000   -9.5224879165764D-01 
   68.000000   -9.4734943581314D-01 
   68.100000   -9.4248000137322D-01 
   68.200000   -9.3764027183869D-01 
   68.300000   -9.3283003259786D-01 
   68.400000   -9.2804907090720D-01 
   68.500000   -9.2329717587202D-01 
   68.600000   -9.1857413842756D-01 
   68.700000   -9.1387975132017D-01 
   68.800000   -9.0921380908881D-01 
   68.900000   -9.0457610804665D-01 
   69.000000   -8.9996644626300D-01 
   69.100000   -8.9538462354539D-01 
   69.200000   -8.9083044142183D-01 
   69.300000   -8.8630370312336D-01 
   69.400000   -8.8180421356668D-01 
   69.500000   -8.7733177933713D-01 
   69.600000   -8.7288620867173D-01 
   69.700000   -8.6846731144248D-01 
   69.800000   -8.6407489913986D-01 
   69.900000   -8.5970878485646D-01 
   70.000000   -8.5536878327090D-01 
   70.100000   -8.5105471063182D-01 
   70.200000   -8.4676638474210D-01 
   70.300000   -8.4250362494332D-01 
   70.400000   -8.3826625210028D-01 
   70.500000   -8.3405408858577D-01 
   70.600000   -8.2986695826554D-01 
   70.700000   -8.2570468648333D-01 
   70.800000   -8.2156710004620D-01 
   70.900000   -8.1745402720994D-01 
   71.000000   -8.1336529766466D-01 
   71.100000   -8.0930074252056D-01 
   71.200000   -8.0526019429386D-01 
   71.300000   -8.0124348689287D-01 
   71.400000   -7.9725045560423D-01 
   71.500000   -7.9328093707931D-01 
   71.600000   -7.8933476932073D-01 
   71.700000   -7.8541179166909D-01 
   71.800000   -7.8151184478976D-01 
   71.900000   -7.7763477065992D-01 
   72.000000   -7.7378041255570D-01 
   72.100000   -7.6994861503939D-01 
   72.200000   -7.6613922394694D-01 
   72.300000   -7.6235208637546D-01 
   72.400000   -7.5858705067096D-01 
   72.500000   -7.5484396641617D-01 
   72.600000   -7.5112268441847D-01 
   72.700000   -7.4742305669808D-01 
   72.800000   -7.4374493647619D-01 
   72.900000   -7.4008817816341D-01 
   73.000000   -7.3645263734820D-01 
   73.100000   -7.3283817078553D-01 
   73.200000   -7.2924463638560D-01 
   73.300000   -7.2567189320272D-01 
   73.400000   -7.2211980142427D-01 
   73.500000   -7.1858822235985D-01 
   73.600000   -7.1507701843051D-01 
   73.700000   -7.1158605315803D-01 
   73.800000   -7.0811519115448D-01 
   73.900000   -7.0466429811172D-01 
   74.000000   -7.0123324079113D-01 
   74.100000   -6.9782188701342D-01 
   74.200000   -6.9443010564850D-01 
   74.300000   -6.9105776660555D-01 
   74.400000   -6.8770474082316D-01 
   74.500000   -6.8437090025951D-01 
   74.600000   -6.8105611788278D-01 
   74.700000   -6.7776026766156D-01 
   74.800000   -6.7448322455543D-01 
   74.900000   -6.7122486450558D-01 
   75.000000   -6.6798506442561D-01 
   75.100000   -6.6476370219235D-01 
   75.200000   -6.6156065663683D-01 
   75.300000   -6.5837580753534D-01 
   75.400000   -6.5520903560054D-01 
   75.500000   -6.5206022247275D-01 
   75.600000   -6.4892925071127D-01 
   75.700000   -6.4581600378577D-01 
   75.800000   -6.4272036606789D-01 
   75.900000   -6.3964222282277D-01 
   76.000000   -6.3658146020079D-01 
   76.100000   -6.3353796522939D-01 
   76.200000   -6.3051162580487D-01 
   76.300000   -6.2750233068442D-01 
   76.400000   -6.2450996947814D-01 
   76.500000   -6.2153443264118D-01 
   76.600000   -6.1857561146596D-01 
   76.700000   -6.1563339807446D-01 
   76.800000   -6.1270768541061D-01 
   76.900000   -6.0979836723273D-01 
   77.000000   -6.0690533810612D-01 
   77.100000   -6.0402849339563D-01 
   77.200000   -6.0116772925838D-01 
   77.300000   -5.9832294263654D-01 
   77.400000   -5.9549403125017D-01 
   77.500000   -5.9268089359014D-01 
   77.600000   -5.8988342891117D-01 
   77.700000   -5.8710153722483D-01 
   77.800000   -5.8433511929277D-01 
   77.900000   -5.8158407661990D-01 
   78.000000   -5.7884831144767D-01 
   78.100000   -5.7612772674743D-01 
   78.200000   -5.7342222621390D-01 
   78.300000   -5.7073171425862D-01 
   78.400000   -5.6805609600354D-01 
   78.500000   -5.6539527727466D-01 
   78.600000   -5.6274916459569D-01 
   78.700000   -5.6011766518188D-01 
   78.800000   -5.5750068693379D-01 
   78.900000   -5.5489813843121D-01 
   79.000000   -5.5230992892713D-01 
   79.100000   -5.4973596834173D-01 
   79.200000   -5.4717616725650D-01 
   79.300000   -5.4463043690832D-01 
   79.400000   -5.4209868918375D-01 
   79.500000   -5.3958083661323D-01 
   79.600000   -5.3707679236543D-01 
   79.700000   -5.3458647024161D-01 
   79.800000   -5.3210978467008D-01 
   79.900000   -5.2964665070070D-01 
   80.000000   -5.2719698399943D-01 
   80.100000   -5.2476070084291D-01 
   80.200000   -5.2233771811318D-01 
   80.300000   -5.1992795329234D-01 
   80.400000   -5.1753132445737D-01 
   80.500000   -5.1514775027495D-01 
   80.600000   -5.1277714999630D-01 
   80.700000   -5.1041944345218D-01 
   80.800000   -5.0807455104780D-01 
   80.900000   -5.0574239375793D-01 
   81.000000   -5.0342289312193D-01 
   81.100000   -5.0111597123891D-01 
   81.200000   -4.9882155076292D-01 
   81.300000   -4.9653955489816D-01 
   81.400000   -4.9426990739429D-01 
   81.500000   -4.9201253254176D-01 
   81.600000   -4.8976735516717D-01 
   81.700000   -4.8753430062871D-01 
   81.800000   -4.8531329481162D-01 
   81.900000   -4.8310426412372D-01 
   82.000000   -4.8090713549097D-01 
   82.100000   -4.7872183635306D-01 
   82.200000   -4.7654829465911D-01 
   82.300000   -4.7438643886330D-01 
   82.400000   -4.7223619792064D-01 
   82.500000   -4.7009750128279D-01 
   82.600000   -4.6797027889380D-01 
   82.700000   -4.6585446118605D-01 
   82.800000   -4.6374997907614D-01 
   82.900000   -4.6165676396081D-01 
   83.000000   -4.5957474771296D-01 
   83.100000   -4.5750386267766D-01 
   83.200000   -4.5544404166822D-01 
   83.300000   -4.5339521796234D-01 
   83.400000   -4.5135732529819D-01 
   83.500000   -4.4933029787064D-01 
   83.600000   -4.4731407032746D-01 
   83.700000   -4.4530857776561D-01 
   83.800000   -4.4331375572750D-01 
   83.900000   -4.4132954019737D-01 
   84.000000   -4.3935586759760D-01 
   84.100000   -4.3739267478518D-01 
   84.200000   -4.3543989904812D-01 
   84.300000   -4.3349747810193D-01 
   84.400000   -4.3156535008613D-01 
   84.500000   -4.2964345356080D-01 
   84.600000   -4.2773172750317D-01 
   84.700000   -4.2583011130424D-01 
   84.800000   -4.2393854476537D-01 
   84.900000   -4.2205696809505D-01 
   85.000000   -4.2018532190554D-01 
   85.100000   -4.1832354720966D-01 
   85.200000   -4.1647158541753D-01 
   85.300000   -4.1462937833342D-01 
   85.400000   -4.1279686815255D-01 
   85.500000   -4.1097399745798D-01 
   85.600000   -4.0916070921752D-01 
   85.700000   -4.0735694678065D-01 
   85.800000   -4.0556265387546D-01 
   85.900000   -4.0377777460568D-01 
   86.000000   -4.0200225344768D-01 
   86.100000   -4.0023603524751D-01 
   86.200000   -3.9847906521799D-01 
   86.300000   -3.9673128893581D-01 
   86.400000   -3.9499265233866D-01 
   86.500000   -3.9326310172240D-01 
   86.600000   -3.9154258373824D-01 
   86.700000   -3.8983104538995D-01 
   86.800000   -3.8812843403111D-01 
   86.900000   -3.8643469736238D-01 
   87.000000   -3.8474978342879D-01 
   87.100000   -3.8307364061706D-01 
   87.200000   -3.8140621765293D-01 
   87.300000   -3.7974746359856D-01 
   87.400000   -3.7809732784992D-01 
   87.500000   -3.7645576013417D-01 
   87.600000   -3.7482271050717D-01 
   87.700000   -3.7319812935090D-01 
   87.800000   -3.7158196737096D-01 
   87.900000   -3.6997417559411D-01 
   88.000000   -3.6837470536580D-01 
   88.100000   -3.6678350834771D-01 
   88.200000   -3.6520053651537D-01 
   88.300000   -3.6362574215573D-01 
   88.400000   -3.6205907786486D-01 
   88.500000   -3.6050049654550D-01 
   88.600000   -3.5894995140484D-01 
   88.700000   -3.5740739595215D-01 
   88.800000   -3.5587278399652D-01 
   88.900000   -3.5434606964460D-01 
   89.000000   -3.5282720729837D-01 
   89.100000   -3.5131615165289D-01 
   89.200000   -3.4981285769414D-01 
   89.300000   -3.4831728069680D-01 
   89.400000   -3.4682937622216D-01 
   89.500000   -3.4534910011590D-01 
   89.600000   -3.4387640850602D-01 
   89.700000   -3.4241125780075D-01 
   89.800000   -3.4095360468644D-01 
   89.900000   -3.3950340612550D-01 
   90.000000   -3.3806061935440D-01 
   90.100000   -3.3662520188159D-01 
   90.200000   -3.3519711148554D-01 
   90.300000   -3.3377630621274D-01 
   90.400000   -3.3236274437572D-01 
   90.500000   -3.3095638455110D-01 
   90.600000   -3.2955718557768D-01 
   90.700000   -3.2816510655451D-01 
   90.800000   -3.2678010683898D-01 
   90.900000   -3.2540214604496D-01 
   91.000000   -3.2403118404093D-01 
   91.100000   -3.2266718094810D-01 
   91.200000   -3.2131009713866D-01 
   91.300000   -3.1995989323385D-01 
   91.400000   -3.1861653010228D-01 
   91.500000   -3.1727996885806D-01 
   91.600000   -3.1595017085906D-01 
   91.700000   -3.1462709770520D-01 
   91.800000   -3.1331071123663D-01 
   91.900000   -3.1200097353209D-01 
   92.000000   -3.1069784690716D-01 
   92.100000   -3.0940129391259D-01 
   92.200000   -3.0811127733261D-01 
   92.300000   -3.0682776018328D-01 
   92.400000   -3.0555070571083D-01 
   92.500000   -3.0428007739006D-01 
   92.600000   -3.0301583892267D-01 
   92.700000   -3.0175795423570D-01 
   92.800000   -3.0050638747994D-01 
   92.900000   -2.9926110302832D-01 
   93.000000   -2.9802206547438D-01 
   93.100000   -2.9678923963070D-01 
   93.200000   -2.9556259052738D-01 
   93.300000   -2.9434208341051D-01 
   93.400000   -2.9312768374067D-01 
   93.500000   -2.9191935719140D-01 
   93.600000   -2.9071706964776D-01 
   93.700000   -2.8952078720485D-01 
   93.800000   -2.8833047616631D-01 
   93.900000   -2.8714610304293D-01 
   94.000000   -2.8596763455118D-01 
   94.100000   -2.8479503761179D-01 
   94.200000   -2.8362827934838D-01 
   94.300000   -2.8246732708599D-01 
   94.400000   -2.8131214834975D-01 
   94.500000   -2.8016271086350D-01 
   94.600000   -2.7901898254840D-01 
   94.700000   -2.7788093152159D-01 
   94.800000   -2.7674852609486D-01 
   94.900000   -2.7562173477332D-01 
   95.000000   -2.7450052625405D-01 
   95.100000   -2.7338486942484D-01 
   95.200000   -2.7227473336283D-01 
   95.300000   -2.7117008733332D-01 
   95.400000   -2.7007090078837D-01 
   95.500000   -2.6897714336565D-01 
   95.600000   -2.6788878488711D-01 
   95.700000   -2.6680579535776D-01 
   95.800000   -2.6572814496445D-01 
   95.900000   -2.6465580407460D-01 
   96.000000   -2.6358874323505D-01 
   96.100000   -2.6252693317079D-01 
   96.200000   -2.6147034478380D-01 
   96.300000   -2.6041894915188D-01 
   96.400000   -2.5937271752742D-01 
   96.500000   -2.5833162133629D-01 
   96.600000   -2.5729563217663D-01 
   96.700000   -2.5626472181776D-01 
   96.800000   -2.5523886219898D-01 
   96.900000   -2.5421802542848D-01 
   97.000000   -2.5320218378222D-01 
   97.100000   -2.5219130970279D-01 
   97.200000   -2.5118537579831D-01 
   97.300000   -2.5018435484138D-01 
   97.400000   -2.4918821976792D-01 
   97.500000   -2.4819694367615D-01 
   97.600000   -2.4721049982552D-01 
   97.700000   -2.4622886163559D-01 
   97.800000   -2.4525200268506D-01 
   97.900000   -2.4427989671064D-01 
   98.000000   -2.4331251760610D-01 
   98.100000   -2.4234983942115D-01 
   98.200000   -2.4139183636051D-01 
   98.300000   -2.4043848278282D-01 
   98.400000   -2.3948975319968D-01 
   98.500000   -2.3854562227465D-01 
   98.600000   -2.3760606482223D-01 
   98.700000   -2.3667105580691D-01 
   98.800000   -2.3574057034219D-01 
   98.900000   -2.3481458368959D-01 
   99.000000   -2.3389307125771D-01 
   99.100000   -2.3297600860127D-01 
   99.200000   -2.3206337142018D-01 
   99.300000   -2.3115513555856D-01 
   99.400000   -2.3025127700386D-01 
   99.500000   -2.2935177188591D-01 
   99.600000   -2.2845659647598D-01 
   99.700000   -2.2756572718592D-01 
   99.800000   -2.2667914056722D-01 
   99.900000   -2.2579681331010D-01 
  100.000000   -2.2491872224267D-01 
  100.100000   -2.2404484433000D-01 
  100.200000   -2.2317515667326D-01 
  100.300000   -2.2230963650885D-01 
  100.400000   -2.2144826120752D-01 
  100.500000   -2.2059100827355D-01 
  100.600000   -2.1973785534383D-01 
  100.700000   -2.1888878018709D-01 
  100.800000   -2.1804376070302D-01 
  100.900000   -2.1720277492142D-01 
  101.000000   -2.1636580100142D-01 
  101.100000   -2.1553281723062D-01 
  101.200000   -2.1470380202429D-01 
  101.300000   -2.1387873392455D-01 
  101.400000   -2.1305759159957D-01 
  101.500000   -2.1224035384279D-01 
  101.600000   -2.1142699957211D-01 
  101.700000   -2.1061750782908D-01 
  101.800000   -2.0981185777817D-01 
  101.900000   -2.0901002870596D-01 
  102.000000   -2.0821200002038D-01 
  102.100000   -2.0741775124994D-01 
  102.200000   -2.0662726204297D-01 
  102.300000   -2.0584051216688D-01 
  102.400000   -2.0505748150739D-01 
  102.500000   -2.0427815006780D-01 
  102.600000   -2.0350249796828D-01 
  102.700000   -2.0273050544506D-01 
  102.800000   -2.0196215284977D-01 
  102.900000   -2.0119742064872D-01 
  103.000000   -2.0043628942212D-01 
  103.100000   -1.9967873986344D-01 
  103.200000   -1.9892475277864D-01 
  103.300000   -1.9817430908553D-01 
  103.400000   -1.9742738981301D-01 
  103.500000   -1.9668397610042D-01 
  103.600000   -1.9594404919684D-01 
  103.700000   -1.9520759046040D-01 
  103.800000   -1.9447458135760D-01 
  103.900000   -1.9374500346265D-01 
  104.000000   -1.9301883845679D-01 
  104.100000   -1.9229606812763D-01 
  104.200000   -1.9157667436849D-01 
  104.300000   -1.9086063917773D-01 
  104.400000   -1.9014794465812D-01 
  104.500000   -1.8943857301618D-01 
  104.600000   -1.8873250656155D-01 
  104.700000   -1.8802972770632D-01 
  104.800000   -1.8733021896445D-01 
  104.900000   -1.8663396295110D-01 
  105.000000   -1.8594094238200D-01 
  105.100000   -1.8525114007285D-01 
  105.200000   -1.8456453893872D-01 
  105.300000   -1.8388112199338D-01 
  105.400000   -1.8320087234875D-01 
  105.500000   -1.8252377321427D-01 
  105.600000   -1.8184980789630D-01 
  105.700000   -1.8117895979751D-01 
  105.800000   -1.8051121241633D-01 
  105.900000   -1.7984654934631D-01 
  106.000000   -1.7918495427557D-01 
  106.100000   -1.7852641098622D-01 
  106.200000   -1.7787090335376D-01 
  106.300000   -1.7721841534653D-01 
  106.400000   -1.7656893102513D-01 
  106.500000   -1.7592243454184D-01 
  106.600000   -1.7527891014009D-01 
  106.700000   -1.7463834215389D-01 
  106.800000   -1.7400071500726D-01 
  106.900000   -1.7336601321372D-01 
  107.000000   -1.7273422137567D-01 
  107.100000   -1.7210532418394D-01 
  107.200000   -1.7147930641716D-01 
  107.300000   -1.7085615294131D-01 
  107.400000   -1.7023584870910D-01 
  107.500000   -1.6961837875953D-01 
  107.600000   -1.6900372821727D-01 
  107.700000   -1.6839188229224D-01 
  107.800000   -1.6778282627900D-01 
  107.900000   -1.6717654555628D-01 
  108.000000   -1.6657302558648D-01 
  108.100000   -1.6597225191512D-01 
  108.200000   -1.6537421017037D-01 
  108.300000   -1.6477888606253D-01 
  108.400000   -1.6418626538353D-01 
  108.500000   -1.6359633400646D-01 
  108.600000   -1.6300907788504D-01 
  108.700000   -1.6242448305316D-01 
  108.800000   -1.6184253562437D-01 
  108.900000   -1.6126322179142D-01 
  109.000000   -1.6068652782577D-01 
  109.100000   -1.6011244007711D-01 
  109.200000   -1.5954094497290D-01 
  109.300000   -1.5897202901786D-01 
  109.400000   -1.5840567879357D-01 
  109.500000   -1.5784188095794D-01 
  109.600000   -1.5728062224480D-01 
  109.700000   -1.5672188946338D-01 
  109.800000   -1.5616566949792D-01 
  109.900000   -1.5561194930720D-01 
  110.000000   -1.5506071592404D-01 
  110.100000   -1.5451195645492D-01 
  110.200000   -1.5396565807950D-01 
  110.300000   -1.5342180805018D-01 
  110.400000   -1.5288039369169D-01 
  110.500000   -1.5234140240061D-01 
  110.600000   -1.5180482164496D-01 
  110.700000   -1.5127063896378D-01 
  110.800000   -1.5073884196669D-01 
  110.900000   -1.5020941833346D-01 
  111.000000   -1.4968235581360D-01 
  111.100000   -1.4915764222594D-01 
  111.200000   -1.4863526545820D-01 
  111.300000   -1.4811521346658D-01 
  111.400000   -1.4759747427539D-01 
  111.500000   -1.4708203597655D-01 
  111.600000   -1.4656888672929D-01 
  111.700000   -1.4605801475965D-01 
  111.800000   -1.4554940836016D-01 
  111.900000   -1.4504305588939D-01 
  112.000000   -1.4453894577157D-01 
  112.100000   -1.4403706649620D-01 
  112.200000   -1.4353740661764D-01 
  112.300000   -1.4303995475476D-01 
  112.400000   -1.4254469959052D-01 
  112.500000   -1.4205162987158D-01 
  112.600000   -1.4156073440796D-01 
  112.700000   -1.4107200207262D-01 
  112.800000   -1.4058542180110D-01 
  112.900000   -1.4010098259116D-01 
  113.000000   -1.3961867350238D-01 
  113.100000   -1.3913848365581D-01 
  113.200000   -1.3866040223359D-01 
  113.300000   -1.3818441847860D-01 
  113.400000   -1.3771052169408D-01 
  113.500000   -1.3723870124329D-01 
  113.600000   -1.3676894654914D-01 
  113.700000   -1.3630124709381D-01 
  113.800000   -1.3583559241847D-01 
  113.900000   -1.3537197212283D-01 
  114.000000   -1.3491037586488D-01 
  114.100000   -1.3445079336048D-01 
  114.200000   -1.3399321438304D-01 
  114.300000   -1.3353762876319D-01 
  114.400000   -1.3308402638841D-01 
  114.500000   -1.3263239720273D-01 
  114.600000   -1.3218273120634D-01 
  114.700000   -1.3173501845532D-01 
  114.800000   -1.3128924906124D-01 
  114.900000   -1.3084541319089D-01 
  115.000000   -1.3040350106592D-01 
  115.100000   -1.2996350296251D-01 
  115.200000   -1.2952540921107D-01 
  115.300000   -1.2908921019589D-01 
  115.400000   -1.2865489635486D-01 
  115.500000   -1.2822245817910D-01 
  115.600000   -1.2779188621267D-01 
  115.700000   -1.2736317105228D-01 
  115.800000   -1.2693630334693D-01 
  115.900000   -1.2651127379764D-01 
  116.000000   -1.2608807315712D-01 
  116.100000   -1.2566669222945D-01 
  116.200000   -1.2524712186984D-01 
  116.300000   -1.2482935298424D-01 
  116.400000   -1.2441337652910D-01 
  116.500000   -1.2399918351105D-01 
  116.600000   -1.2358676498660D-01 
  116.700000   -1.2317611206186D-01 
  116.800000   -1.2276721589224D-01 
  116.900000   -1.2236006768213D-01 
  117.000000   -1.2195465868467D-01 
  117.100000   -1.2155098020141D-01 
  117.200000   -1.2114902358204D-01 
  117.300000   -1.2074878022411D-01 
  117.400000   -1.2035024157275D-01 
  117.500000   -1.1995339912037D-01 
  117.600000   -1.1955824440643D-01 
  117.700000   -1.1916476901708D-01 
  117.800000   -1.1877296458495D-01 
  117.900000   -1.1838282278888D-01 
  118.000000   -1.1799433535360D-01 
  118.100000   -1.1760749404948D-01 
  118.200000   -1.1722229069229D-01 
  118.300000   -1.1683871714288D-01 
  118.400000   -1.1645676530697D-01 
  118.500000   -1.1607642713483D-01 
  118.600000   -1.1569769462107D-01 
  118.700000   -1.1532055980435D-01 
  118.800000   -1.1494501476712D-01 
  118.900000   -1.1457105163535D-01 
  119.000000   -1.1419866257834D-01 
  119.100000   -1.1382783980837D-01 
  119.200000   -1.1345857558052D-01 
  119.300000   -1.1309086219239D-01 
  119.400000   -1.1272469198384D-01 
  119.500000   -1.1236005733678D-01 
  119.600000   -1.1199695067487D-01 
  119.700000   -1.1163536446333D-01 
  119.800000   -1.1127529120864D-01 
  119.900000   -1.1091672345835D-01 
  120.000000   -1.1055965380082D-01 
  120.100000   -1.1020407486496D-01 
  120.200000   -1.0984997932001D-01 
  120.300000   -1.0949735987531D-01 
  120.400000   -1.0914620928006D-01 
  120.500000   -1.0879652032308D-01 
  120.600000   -1.0844828583258D-01 
  120.700000   -1.0810149867594D-01 
  120.800000   -1.0775615175947D-01 
  120.900000   -1.0741223802816D-01 
  121.000000   -1.0706975046552D-01 
  121.100000   -1.0672868209329D-01 
  121.200000   -1.0638902597124D-01 
  121.300000   -1.0605077519694D-01 
  121.400000   -1.0571392290556D-01 
  121.500000   -1.0537846226964D-01 
  121.600000   -1.0504438649885D-01 
  121.700000   -1.0471168883981D-01 
  121.800000   -1.0438036257583D-01 
  121.900000   -1.0405040102676D-01 
  122.000000   -1.0372179754869D-01 
  122.100000   -1.0339454553384D-01 
  122.200000   -1.0306863841025D-01 
  122.300000   -1.0274406964165D-01 
  122.400000   -1.0242083272720D-01 
  122.500000   -1.0209892120131D-01 
  122.600000   -1.0177832863342D-01 
  122.700000   -1.0145904862782D-01 
  122.800000   -1.0114107482341D-01 
  122.900000   -1.0082440089354D-01 
  123.000000   -1.0050902054577D-01 
  123.100000   -1.0019492752171D-01 
  123.200000   -9.9882115596774D-02 
  123.300000   -9.9570578580037D-02 
  123.400000   -9.9260310314001D-02 
  123.500000   -9.8951304674415D-02 
  123.600000   -9.8643555570080D-02 
  123.700000   -9.8337056942658D-02 
  123.800000   -9.8031802766481D-02 
  123.900000   -9.7727787048357D-02 
  124.000000   -9.7425003827389D-02 
  124.100000   -9.7123447174783D-02 
  124.200000   -9.6823111193661D-02 
  124.300000   -9.6523990018879D-02 
  124.400000   -9.6226077816842D-02 
  124.500000   -9.5929368785319D-02 
  124.600000   -9.5633857153265D-02 
  124.700000   -9.5339537180637D-02 
  124.800000   -9.5046403158217D-02 
  124.900000   -9.4754449407432D-02 
  125.000000   -9.4463670280179D-02 
  125.100000   -9.4174060158644D-02 
  125.200000   -9.3885613455131D-02 
  125.300000   -9.3598324611888D-02 
  125.400000   -9.3312188100932D-02 
  125.500000   -9.3027198423875D-02 
  125.600000   -9.2743350111759D-02 
  125.700000   -9.2460637724881D-02 
  125.800000   -9.2179055852627D-02 
  125.900000   -9.1898599113300D-02 
  126.000000   -9.1619262153960D-02 
  126.100000   -9.1341039650250D-02 
  126.200000   -9.1063926306239D-02 
  126.300000   -9.0787916854251D-02 
  126.400000   -9.0513006054708D-02 
  126.500000   -9.0239188695965D-02 
  126.600000   -8.9966459594150D-02 
  126.700000   -8.9694813593003D-02 
  126.800000   -8.9424245563718D-02 
  126.900000   -8.9154750404786D-02 
  127.000000   -8.8886323041836D-02 
  127.100000   -8.8618958427480D-02 
  127.200000   -8.8352651541157D-02 
  127.300000   -8.8087397388980D-02 
  127.400000   -8.7823191003583D-02 
  127.500000   -8.7560027443967D-02 
  127.600000   -8.7297901795348D-02 
  127.700000   -8.7036809169010D-02 
  127.800000   -8.6776744702153D-02 
  127.900000   -8.6517703557743D-02 
  128.000000   -8.6259680924367D-02 
  128.100000   -8.6002672016085D-02 
  128.200000   -8.5746672072283D-02 
  128.300000   -8.5491676357530D-02 
  128.400000   -8.5237680161431D-02 
  128.500000   -8.4984678798485D-02 
  128.600000   -8.4732667607945D-02 
  128.700000   -8.4481641953670D-02 
  128.800000   -8.4231597223990D-02 
  128.900000   -8.3982528831566D-02 
  129.000000   -8.3734432213245D-02 
  129.100000   -8.3487302829928D-02 
  129.200000   -8.3241136166430D-02 
  129.300000   -8.2995927731343D-02 
  129.400000   -8.2751673056902D-02 
  129.500000   -8.2508367698847D-02 
  129.600000   -8.2266007236292D-02 
  129.700000   -8.2024587271589D-02 
  129.800000   -8.1784103430198D-02 
  129.900000   -8.1544551360553D-02 
  130.000000   -8.1305926733932D-02 
  130.100000   -8.1068225244328D-02 
  130.200000   -8.0831442608317D-02 
  130.300000   -8.0595574564932D-02 
  130.400000   -8.0360616875531D-02 
  130.500000   -8.0126565323676D-02 
  130.600000   -7.9893415715003D-02 
  130.700000   -7.9661163877096D-02 
  130.800000   -7.9429805659363D-02 
  130.900000   -7.9199336932913D-02 
  131.000000   -7.8969753590431D-02 
  131.100000   -7.8741051546057D-02 
  131.200000   -7.8513226735263D-02 
  131.300000   -7.8286275114732D-02 
  131.400000   -7.8060192662238D-02 
  131.500000   -7.7834975376526D-02 
  131.600000   -7.7610619277195D-02 
  131.700000   -7.7387120404576D-02 
  131.800000   -7.7164474819617D-02 
  131.900000   -7.6942678603767D-02 
  132.000000   -7.6721727858856D-02 
  132.100000   -7.6501618706986D-02 
  132.200000   -7.6282347290410D-02 
  132.300000   -7.6063909771421D-02 
  132.400000   -7.5846302332237D-02 
  132.500000   -7.5629521174892D-02 
  132.600000   -7.5413562521120D-02 
  132.700000   -7.5198422612244D-02 
  132.800000   -7.4984097709068D-02 
  132.900000   -7.4770584091766D-02 
  133.000000   -7.4557878059770D-02 
  133.100000   -7.4345975931665D-02 
  133.200000   -7.4134874045079D-02 
  133.300000   -7.3924568756576D-02 
  133.400000   -7.3715056441550D-02 
  133.500000   -7.3506333494115D-02 
  133.600000   -7.3298396327007D-02 
  133.700000   -7.3091241371472D-02 
  133.800000   -7.2884865077165D-02 
  133.900000   -7.2679263912046D-02 
  134.000000   -7.2474434362278D-02 
  134.100000   -7.2270372932122D-02 
  134.200000   -7.2067076143837D-02 
  134.300000   -7.1864540537579D-02 
  134.400000   -7.1662762671302D-02 
  134.500000   -7.1461739120653D-02 
  134.600000   -7.1261466478878D-02 
  134.700000   -7.1061941356719D-02 
  134.800000   -7.0863160382320D-02 
  134.900000   -7.0665120201126D-02 
  135.000000   -7.0467817475788D-02 
  135.100000   -7.0271248886065D-02 
  135.200000   -7.0075411128730D-02 
  135.300000   -6.9880300917472D-02 
  135.400000   -6.9685914982805D-02 
  135.500000   -6.9492250071970D-02 
  135.600000   -6.9299302948844D-02 
  135.700000   -6.9107070393846D-02 
  135.800000   -6.8915549203846D-02 
  135.900000   -6.8724736192068D-02 
  136.000000   -6.8534628188007D-02 
  136.100000   -6.8345222037330D-02 
  136.200000   -6.8156514601790D-02 
  136.300000   -6.7968502759137D-02 
  136.400000   -6.7781183403025D-02 
  136.500000   -6.7594553442926D-02 
  136.600000   -6.7408609804041D-02 
  136.700000   -6.7223349427214D-02 
  136.800000   -6.7038769268842D-02 
  136.900000   -6.6854866300789D-02 
  137.000000   -6.6671637510304D-02 
  137.100000   -6.6489079899928D-02 
  137.200000   -6.6307190487415D-02 
  137.300000   -6.6125966305646D-02 
  137.400000   -6.5945404402543D-02 
  137.500000   -6.5765501840987D-02 
  137.600000   -6.5586255698735D-02 
  137.700000   -6.5407663068335D-02 
  137.800000   -6.5229721057050D-02 
  137.900000   -6.5052426786767D-02 
  138.000000   -6.4875777393926D-02 
  138.100000   -6.4699770029430D-02 
  138.200000   -6.4524401858572D-02 
  138.300000   -6.4349670060952D-02 
  138.400000   -6.4175571830397D-02 
  138.500000   -6.4002104374886D-02 
  138.600000   -6.3829264916465D-02 
  138.700000   -6.3657050691176D-02 
  138.800000   -6.3485458948978D-02 
  138.900000   -6.3314486953666D-02 
  139.000000   -6.3144131982799D-02 
  139.100000   -6.2974391327621D-02 
  139.200000   -6.2805262292990D-02 
  139.300000   -6.2636742197295D-02 
  139.400000   -6.2468828372390D-02 
  139.500000   -6.2301518163514D-02 
  139.600000   -6.2134808929218D-02 
  139.700000   -6.1968698041294D-02 
  139.800000   -6.1803182884700D-02 
  139.900000   -6.1638260857487D-02 
  140.000000   -6.1473929370729D-02 
  140.100000   -6.1310185848451D-02 
  140.200000   -6.1147027727554D-02 
  140.300000   -6.0984452457750D-02 
  140.400000   -6.0822457501487D-02 
  140.500000   -6.0661040333883D-02 
  140.600000   -6.0500198442650D-02 
  140.700000   -6.0339929328032D-02 
  140.800000   -6.0180230502733D-02 
  140.900000   -6.0021099491847D-02 
  141.000000   -5.9862533832794D-02 
  141.100000   -5.9704531075248D-02 
  141.200000   -5.9547088781074D-02 
  141.300000   -5.9390204524257D-02 
  141.400000   -5.9233875890840D-02 
  141.500000   -5.9078100478853D-02 
  141.600000   -5.8922875898254D-02 
  141.700000   -5.8768199770857D-02 
  141.800000   -5.8614069730271D-02 
  141.900000   -5.8460483421834D-02 
  142.000000   -5.8307438502551D-02 
  142.100000   -5.8154932641028D-02 
  142.200000   -5.8002963517408D-02 
  142.300000   -5.7851528823311D-02 
  142.400000   -5.7700626261771D-02 
  142.500000   -5.7550253547169D-02 
  142.600000   -5.7400408405179D-02 
  142.700000   -5.7251088572699D-02 
  142.800000   -5.7102291797794D-02 
  142.900000   -5.6954015839634D-02 
  143.000000   -5.6806258468435D-02 
  143.100000   -5.6659017465397D-02 
  143.200000   -5.6512290622643D-02 
  143.300000   -5.6366075743165D-02 
  143.400000   -5.6220370640758D-02 
  143.500000   -5.6075173139968D-02 
  143.600000   -5.5930481076027D-02 
  143.700000   -5.5786292294803D-02 
  143.800000   -5.5642604652732D-02 
  143.900000   -5.5499416016770D-02 
  144.000000   -5.5356724264333D-02 
  144.100000   -5.5214527283236D-02 
  144.200000   -5.5072822971644D-02 
  144.300000   -5.4931609238010D-02 
  144.400000   -5.4790884001022D-02 
  144.500000   -5.4650645189547D-02 
  144.600000   -5.4510890742576D-02 
  144.700000   -5.4371618609171D-02 
  144.800000   -5.4232826748407D-02 
  144.900000   -5.4094513129320D-02 
  145.000000   -5.3956675730854D-02 
  145.100000   -5.3819312541806D-02 
  145.200000   -5.3682421560772D-02 
  145.300000   -5.3546000796098D-02 
  145.400000   -5.3410048265824D-02 
  145.500000   -5.3274561997632D-02 
  145.600000   -5.3139540028794D-02 
  145.700000   -5.3004980406125D-02 
  145.800000   -5.2870881185923D-02 
  145.900000   -5.2737240433925D-02 
  146.000000   -5.2604056225254D-02 
  146.100000   -5.2471326644367D-02 
  146.200000   -5.2339049785010D-02 
  146.300000   -5.2207223750160D-02 
  146.400000   -5.2075846651982D-02 
  146.500000   -5.1944916611777D-02 
  146.600000   -5.1814431759934D-02 
  146.700000   -5.1684390235881D-02 
  146.800000   -5.1554790188035D-02 
  146.900000   -5.1425629773757D-02 
  147.000000   -5.1296907159299D-02 
  147.100000   -5.1168620519764D-02 
  147.200000   -5.1040768039051D-02 
  147.300000   -5.0913347909811D-02 
  147.400000   -5.0786358333404D-02 
  147.500000   -5.0659797519845D-02 
  147.600000   -5.0533663687762D-02 
  147.700000   -5.0407955064352D-02 
  147.800000   -5.0282669885330D-02 
  147.900000   -5.0157806394889D-02 
  148.000000   -5.0033362845650D-02 
  148.100000   -4.9909337498620D-02 
  148.200000   -4.9785728623147D-02 
  148.300000   -4.9662534496873D-02 
  148.400000   -4.9539753405695D-02 
  148.500000   -4.9417383643715D-02 
  148.600000   -4.9295423513202D-02 
  148.700000   -4.9173871324543D-02 
  148.800000   -4.9052725396205D-02 
  148.900000   -4.8931984054688D-02 
  149.000000   -4.8811645634486D-02 
  149.100000   -4.8691708478040D-02 
  149.200000   -4.8572170935701D-02 
  149.300000   -4.8453031365684D-02 
  149.400000   -4.8334288134027D-02 
  149.500000   -4.8215939614553D-02 
  149.600000   -4.8097984188824D-02 
  149.700000   -4.7980420246102D-02 
  149.800000   -4.7863246183308D-02 
  149.900000   -4.7746460404983D-02 
  150.000000   -4.7630061323246D-02 
  150.100000   -4.7514047357754D-02 
  150.200000   -4.7398416935663D-02 
  150.300000   -4.7283168491587D-02 
  150.400000   -4.7168300467561D-02 
  150.500000   -4.7053811312998D-02 
  150.600000   -4.6939699484655D-02 
  150.700000   -4.6825963446590D-02 
  150.800000   -4.6712601670126D-02 
  150.900000   -4.6599612633810D-02 
  151.000000   -4.6486994823381D-02 
  151.100000   -4.6374746731724D-02 
  151.200000   -4.6262866858837D-02 
  151.300000   -4.6151353711795D-02 
  151.400000   -4.6040205804709D-02 
  151.500000   -4.5929421658692D-02 
  151.600000   -4.5818999801818D-02 
  151.700000   -4.5708938769093D-02 
  151.800000   -4.5599237102410D-02 
  151.900000   -4.5489893350519D-02 
  152.000000   -4.5380906068989D-02 
  152.100000   -4.5272273820171D-02 
  152.200000   -4.5163995173164D-02 
  152.300000   -4.5056068703781D-02 
  152.400000   -4.4948492994509D-02 
  152.500000   -4.4841266634479D-02 
  152.600000   -4.4734388219430D-02 
  152.700000   -4.4627856351674D-02 
  152.800000   -4.4521669640059D-02 
  152.900000   -4.4415826699941D-02 
  153.000000   -4.4310326153143D-02 
  153.100000   -4.4205166627928D-02 
  153.200000   -4.4100346758960D-02 
  153.300000   -4.3995865187272D-02 
  153.400000   -4.3891720560235D-02 
  153.500000   -4.3787911531524D-02 
  153.600000   -4.3684436761083D-02 
  153.700000   -4.3581294915094D-02 
  153.800000   -4.3478484665947D-02 
  153.900000   -4.3376004692201D-02 
  154.000000   -4.3273853678561D-02 
  154.100000   -4.3172030315838D-02 
  154.200000   -4.3070533300921D-02 
  154.300000   -4.2969361336745D-02 
  154.400000   -4.2868513132261D-02 
  154.500000   -4.2767987402402D-02 
  154.600000   -4.2667782868054D-02 
  154.700000   -4.2567898256023D-02 
  154.800000   -4.2468332299008D-02 
  154.900000   -4.2369083735567D-02 
  155.000000   -4.2270151310088D-02 
  155.100000   -4.2171533772760D-02 
  155.200000   -4.2073229879540D-02 
  155.300000   -4.1975238392127D-02 
  155.400000   -4.1877558077928D-02 
  155.500000   -4.1780187710034D-02 
  155.600000   -4.1683126067184D-02 
  155.700000   -4.1586371933742D-02 
  155.800000   -4.1489924099665D-02 
  155.900000   -4.1393781360473D-02 
  156.000000   -4.1297942517223D-02 
  156.100000   -4.1202406376480D-02 
  156.200000   -4.1107171750287D-02 
  156.300000   -4.1012237456138D-02 
  156.400000   -4.0917602316949D-02 
  156.500000   -4.0823265161034D-02 
  156.600000   -4.0729224822070D-02 
  156.700000   -4.0635480139076D-02 
  156.800000   -4.0542029956382D-02 
  156.900000   -4.0448873123606D-02 
  157.000000   -4.0356008495619D-02 
  157.100000   -4.0263434932526D-02 
  157.200000   -4.0171151299636D-02 
  157.300000   -4.0079156467434D-02 
  157.400000   -3.9987449311557D-02 
  157.500000   -3.9896028712767D-02 
  157.600000   -3.9804893556922D-02 
  157.700000   -3.9714042734954D-02 
  157.800000   -3.9623475142841D-02 
  157.900000   -3.9533189681582D-02 
  158.000000   -3.9443185257169D-02 
  158.100000   -3.9353460780567D-02 
  158.200000   -3.9264015167682D-02 
  158.300000   -3.9174847339339D-02 
  158.400000   -3.9085956221257D-02 
  158.500000   -3.8997340744026D-02 
  158.600000   -3.8908999843077D-02 
  158.700000   -3.8820932458662D-02 
  158.800000   -3.8733137535828D-02 
  158.900000   -3.8645614024391D-02 
  159.000000   -3.8558360878915D-02 
  159.100000   -3.8471377058685D-02 
  159.200000   -3.8384661527684D-02 
  159.300000   -3.8298213254571D-02 
  159.400000   -3.8212031212654D-02 
  159.500000   -3.8126114379868D-02 
  159.600000   -3.8040461738751D-02 
  159.700000   -3.7955072276423D-02 
  159.800000   -3.7869944984561D-02 
  159.900000   -3.7785078859373D-02 
  160.000000   -3.7700472901581D-02 
  160.100000   -3.7616126116395D-02 
  160.200000   -3.7532037513488D-02 
  160.300000   -3.7448206106979D-02 
  160.400000   -3.7364630915406D-02 
  160.500000   -3.7281310961705D-02 
  160.600000   -3.7198245273188D-02 
  160.700000   -3.7115432881521D-02 
  160.800000   -3.7032872822704D-02 
  160.900000   -3.6950564137044D-02 
  161.000000   -3.6868505869138D-02 
  161.100000   -3.6786697067850D-02 
  161.200000   -3.6705136786289D-02 
  161.300000   -3.6623824081789D-02 
  161.400000   -3.6542758015884D-02 
  161.500000   -3.6461937654294D-02 
  161.600000   -3.6381362066896D-02 
  161.700000   -3.6301030327708D-02 
  161.800000   -3.6220941514868D-02 
  161.900000   -3.6141094710611D-02 
  162.000000   -3.6061489001251D-02 
  162.100000   -3.5982123477158D-02 
  162.200000   -3.5902997232741D-02 
  162.300000   -3.5824109366425D-02 
  162.400000   -3.5745458980630D-02 
  162.500000   -3.5667045181756D-02 
  162.600000   -3.5588867080158D-02 
  162.700000   -3.5510923790128D-02 
  162.800000   -3.5433214429876D-02 
  162.900000   -3.5355738121510D-02 
  163.000000   -3.5278493991017D-02 
  163.100000   -3.5201481168242D-02 
  163.200000   -3.5124698786871D-02 
  163.300000   -3.5048145984410D-02 
  163.400000   -3.4971821902167D-02 
  163.500000   -3.4895725685233D-02 
  163.600000   -3.4819856482463D-02 
  163.700000   -3.4744213446456D-02 
  163.800000   -3.4668795733541D-02 
  163.900000   -3.4593602503752D-02 
  164.000000   -3.4518632920813D-02 
  164.100000   -3.4443886152122D-02 
  164.200000   -3.4369361368727D-02 
  164.300000   -3.4295057745314D-02 
  164.400000   -3.4220974460184D-02 
  164.500000   -3.4147110695238D-02 
  164.600000   -3.4073465635958D-02 
  164.700000   -3.4000038471391D-02 
  164.800000   -3.3926828394129D-02 
  164.900000   -3.3853834600291D-02 
  165.000000   -3.3781056289511D-02 
  165.100000   -3.3708492664912D-02 
  165.200000   -3.3636142933097D-02 
  165.300000   -3.3564006304126D-02 
  165.400000   -3.3492081991504D-02 
  165.500000   -3.3420369212158D-02 
  165.600000   -3.3348867186426D-02 
  165.700000   -3.3277575138037D-02 
  165.800000   -3.3206492294093D-02 
  165.900000   -3.3135617885057D-02 
  166.000000   -3.3064951144732D-02 
  166.100000   -3.2994491310247D-02 
  166.200000   -3.2924237622041D-02 
  166.300000   -3.2854189323845D-02 
  166.400000   -3.2784345662665D-02 
  166.500000   -3.2714705888770D-02 
  166.600000   -3.2645269255672D-02 
  166.700000   -3.2576035020112D-02 
  166.800000   -3.2507002442045D-02 
  166.900000   -3.2438170784622D-02 
  167.000000   -3.2369539314176D-02 
  167.100000   -3.2301107300204D-02 
  167.200000   -3.2232874015356D-02 
  167.300000   -3.2164838735415D-02 
  167.400000   -3.2097000739286D-02 
  167.500000   -3.2029359308977D-02 
  167.600000   -3.1961913729584D-02 
  167.700000   -3.1894663289280D-02 
  167.800000   -3.1827607279295D-02 
  167.900000   -3.1760744993905D-02 
  168.000000   -3.1694075730415D-02 
  168.100000   -3.1627598789145D-02 
  168.200000   -3.1561313473413D-02 
  168.300000   -3.1495219089526D-02 
  168.400000   -3.1429314946759D-02 
  168.500000   -3.1363600357346D-02 
  168.600000   -3.1298074636461D-02 
  168.700000   -3.1232737102207D-02 
  168.800000   -3.1167587075602D-02 
  168.900000   -3.1102623880562D-02 
  169.000000   -3.1037846843888D-02 
  169.100000   -3.0973255295253D-02 
  169.200000   -3.0908848567190D-02 
  169.300000   -3.0844625995073D-02 
  169.400000   -3.0780586917106D-02 
  169.500000   -3.0716730674312D-02 
  169.600000   -3.0653056610515D-02 
  169.700000   -3.0589564072327D-02 
  169.800000   -3.0526252409139D-02 
  169.900000   -3.0463120973102D-02 
  170.000000   -3.0400169119116D-02 
  170.100000   -3.0337396204818D-02 
  170.200000   -3.0274801590567D-02 
  170.300000   -3.0212384639432D-02 
  170.400000   -3.0150144717178D-02 
  170.500000   -3.0088081192253D-02 
  170.600000   -3.0026193435777D-02 
  170.700000   -2.9964480821526D-02 
  170.800000   -2.9902942725923D-02 
  170.900000   -2.9841578528022D-02 
  171.000000   -2.9780387609496D-02 
  171.100000   -2.9719369354627D-02 
  171.200000   -2.9658523150290D-02 
  171.300000   -2.9597848385944D-02 
  171.400000   -2.9537344453614D-02 
  171.500000   -2.9477010747887D-02 
  171.600000   -2.9416846665893D-02 
  171.700000   -2.9356851607295D-02 
  171.800000   -2.9297024974277D-02 
  171.900000   -2.9237366171533D-02 
  172.000000   -2.9177874606253D-02 
  172.100000   -2.9118549688111D-02 
  172.200000   -2.9059390829257D-02 
  172.300000   -2.9000397444300D-02 
  172.400000   -2.8941568950299D-02 
  172.500000   -2.8882904766752D-02 
  172.600000   -2.8824404315582D-02 
  172.700000   -2.8766067021128D-02 
  172.800000   -2.8707892310132D-02 
  172.900000   -2.8649879611727D-02 
  173.000000   -2.8592028357427D-02 
  173.100000   -2.8534337981117D-02 
  173.200000   -2.8476807919037D-02 
  173.300000   -2.8419437609777D-02 
  173.400000   -2.8362226494259D-02 
  173.500000   -2.8305174015733D-02 
  173.600000   -2.8248279619760D-02 
  173.700000   -2.8191542754205D-02 
  173.800000   -2.8134962869225D-02 
  173.900000   -2.8078539417257D-02 
  174.000000   -2.8022271853008D-02 
  174.100000   -2.7966159633446D-02 
  174.200000   -2.7910202217785D-02 
  174.300000   -2.7854399067480D-02 
  174.400000   -2.7798749646211D-02 
  174.500000   -2.7743253419877D-02 
  174.600000   -2.7687909856582D-02 
  174.700000   -2.7632718426627D-02 
  174.800000   -2.7577678602499D-02 
  174.900000   -2.7522789858860D-02 
  175.000000   -2.7468051672537D-02 
  175.100000   -2.7413463522514D-02 
  175.200000   -2.7359024889918D-02 
  175.300000   -2.7304735258010D-02 
  175.400000   -2.7250594112180D-02 
  175.500000   -2.7196600939929D-02 
  175.600000   -2.7142755230864D-02 
  175.700000   -2.7089056476688D-02 
  175.800000   -2.7035504171189D-02 
  175.900000   -2.6982097810230D-02 
  176.000000   -2.6928836891740D-02 
  176.100000   -2.6875720915704D-02 
  176.200000   -2.6822749384155D-02 
  176.300000   -2.6769921801162D-02 
  176.400000   -2.6717237672819D-02 
  176.500000   -2.6664696507243D-02 
  176.600000   -2.6612297814556D-02 
  176.700000   -2.6560041106879D-02 
  176.800000   -2.6507925898325D-02 
  176.900000   -2.6455951704987D-02 
  177.000000   -2.6404118044929D-02 
  177.100000   -2.6352424438176D-02 
  177.200000   -2.6300870406709D-02 
  177.300000   -2.6249455474449D-02 
  177.400000   -2.6198179167257D-02 
  177.500000   -2.6147041012916D-02 
  177.600000   -2.6096040541127D-02 
  177.700000   -2.6045177283501D-02 
  177.800000   -2.5994450773545D-02 
  177.900000   -2.5943860546658D-02 
  178.000000   -2.5893406140123D-02 
  178.100000   -2.5843087093092D-02 
  178.200000   -2.5792902946585D-02 
  178.300000   -2.5742853243475D-02 
  178.400000   -2.5692937528483D-02 
  178.500000   -2.5643155348169D-02 
  178.600000   -2.5593506250923D-02 
  178.700000   -2.5543989786956D-02 
  178.800000   -2.5494605508294D-02 
  178.900000   -2.5445352968765D-02 
  179.000000   -2.5396231723996D-02 
  179.100000   -2.5347241331401D-02 
  179.200000   -2.5298381350175D-02 
  179.300000   -2.5249651341283D-02 
  179.400000   -2.5201050867457D-02 
  179.500000   -2.5152579493181D-02 
  179.600000   -2.5104236784689D-02 
  179.700000   -2.5056022309954D-02 
  179.800000   -2.5007935638678D-02 
  179.900000   -2.4959976342291D-02 
  180.000000   -2.4912143993934D-02 
  180.100000   -2.4864438168460D-02 
  180.200000   -2.4816858442419D-02 
  180.300000   -2.4769404394054D-02 
  180.400000   -2.4722075603293D-02 
  180.500000   -2.4674871651740D-02 
  180.600000   -2.4627792122668D-02 
  180.700000   -2.4580836601013D-02 
  180.800000   -2.4534004673363D-02 
  180.900000   -2.4487295927952D-02 
  181.000000   -2.4440709954654D-02 
  181.100000   -2.4394246344974D-02 
  181.200000   -2.4347904692041D-02 
  181.300000   -2.4301684590600D-02 

