    0.000000   -1.4903296743130D+04     0.0
    0.100000    6.6700439697869D+40     0.0
    0.200000    8.6732847109769D+34     0.0
    0.300000    9.3747271847366D+30     0.0
    0.400000    4.4961700403950D+27     0.0
    0.500000    4.3084964131946D+24     0.0
    0.600000    6.4374163165170D+21     0.0
    0.700000    1.4330153073321D+19     0.0
    0.800000    4.9245602773347D+16     0.0
    0.900000    2.7774030237997D+14     0.0
    1.000000    2.7241809687206D+12     0.0
    1.100000    4.8320637535398D+10     0.0
    1.200000    1.5686221799123D+09     0.0
    1.300000    9.1395099876411D+07     0.0
    1.400000    9.0770851689261D+06  1.705D+07
    1.500000    1.4217554926361D+06  1.972D+06
    1.600000    3.2039178938343D+05  3.287D+05
    1.700000    9.4500264294879D+04  7.285D+04
    1.800000    3.3185439309361D+04  1.992D+04
    1.900000    1.2428118636053D+04  6.268D+03
    2.000000    4.0135077164103D+03  2.120D+03
    2.100000    1.1163634743685D+01  7.164D+02
    2.200000   -2.2138913525046D+03  2.215D+02
    2.300000   -3.6500213522536D+03  5.576D+01
    2.400000   -4.6896597217753D+03  1.114D+01
    2.500000   -5.4849914088266D+03  5.604D+00
    2.600000   -6.0915185087996D+03  4.059D+00
    2.700000   -6.5331945961580D+03  3.123D+00
    2.800000   -6.8298038301353D+03  2.531D+00
    2.900000   -7.0041408249093D+03  1.889D+00
    3.000000   -7.0803299996797D+03  9.672D-01
    3.100000   -7.0803844296610D+03  3.181D-01
    3.200000   -7.0221218612008D+03  1.066D+00
    3.300000   -6.9188839762013D+03  1.550D+00
    3.400000   -6.7803858622739D+03  1.696D+00
    3.500000   -6.6139050893769D+03  1.670D+00
    3.600000   -6.4252952018863D+03  1.634D+00
    3.700000   -6.2196228546204D+03  1.645D+00
    3.800000   -6.0014472841016D+03  1.690D+00
    3.900000   -5.7748647498045D+03  1.750D+00
    4.000000   -5.5434543330462D+03  1.808D+00
    4.100000   -5.3102244659245D+03  1.858D+00
    4.200000   -5.0776081067514D+03  1.971D+00
    4.300000   -4.8475122682288D+03  2.316D+00
    4.400000   -4.6214038318224D+03  3.031D+00
    4.500000   -4.4004069064588D+03  4.098D+00
    4.600000   -4.1853912969458D+03  5.409D+00
    4.700000   -3.9770404766555D+03  6.844D+00
    4.800000   -3.7758961678380D+03  8.302D+00
    4.900000   -3.5823828201988D+03  9.702D+00
    5.000000   -3.3968183329854D+03  1.098D+01
    5.100000   -3.2194177722327D+03  1.211D+01
    5.200000   -3.0502955466639D+03  1.306D+01
    5.300000   -2.8894694990312D+03  1.382D+01
    5.400000   -2.7368683908769D+03  1.441D+01
    5.500000   -2.5923427391758D+03  1.482D+01
    5.600000   -2.4556780490952D+03  1.508D+01
    5.700000   -2.3266091268609D+03  1.520D+01
    5.800000   -2.2048341998432D+03  1.519D+01
    5.900000   -2.0900278457994D+03  1.509D+01
    6.000000   -1.9818520943655D+03  1.489D+01
    6.100000   -1.8799654115045D+03  1.462D+01
    6.200000   -1.7840295571548D+03  1.429D+01
    6.300000   -1.6937144987321D+03  1.391D+01
    6.400000   -1.6087016722648D+03  1.349D+01
    6.500000   -1.5286859245124D+03  1.304D+01
    6.600000   -1.4533764629651D+03  1.257D+01
    6.700000   -1.3824971046420D+03  1.208D+01
    6.800000   -1.3157860641290D+03  1.159D+01
    6.900000   -1.2529954672214D+03  1.109D+01
    7.000000   -1.1938907258322D+03  1.060D+01
    7.100000   -1.1382498663478D+03  1.011D+01
    7.200000   -1.0858628688425D+03  9.630D+00
    7.300000   -1.0365310484874D+03  9.166D+00
    7.400000   -9.9006649217436D+02  8.717D+00
    7.500000   -9.4629155147613D+02  8.285D+00
    7.600000   -9.0503838613273D+02  7.872D+00
    7.700000   -8.6614854892728D+02  7.477D+00
    7.800000   -8.2947260194600D+02  7.103D+00
    7.900000   -7.9486975487019D+02  6.748D+00
    8.000000   -7.6220751743549D+02  6.412D+00
    8.100000   -7.3136136002054D+02  6.096D+00
    8.200000   -7.0221437817204D+02  5.799D+00
    8.300000   -6.7465695854138D+02  5.519D+00
    8.400000   -6.4858644510073D+02  5.257D+00
    8.500000   -6.2390680559068D+02  5.012D+00
    8.600000   -6.0052829893398D+02  4.781D+00
    8.700000   -5.7836714486369D+02  4.566D+00
    8.800000   -5.5734519730234D+02  4.364D+00
    8.900000   -5.3738962313808D+02  4.174D+00
    9.000000   -5.1843258801907D+02  3.997D+00
    9.100000   -5.0041095066829D+02  3.831D+00
    9.200000   -4.8326596704056D+02  3.675D+00
    9.300000   -4.6694300542829D+02  3.528D+00
    9.400000   -4.5139127339391D+02  3.390D+00
    9.500000   -4.3656355717874D+02  3.260D+00
    9.600000   -4.2241597402186D+02  3.137D+00
    9.700000   -4.0890773762457D+02  3.021D+00
    9.800000   -3.9600093682016D+02  2.911D+00
    9.900000   -3.8366032735691D+02  2.807D+00
   10.000000   -3.7185313657460D+02  2.708D+00
   10.100000   -3.6054888065010D+02  2.615D+00
   10.200000   -3.4971919400453D+02  2.525D+00
   10.300000   -3.3933767040101D+02  2.440D+00
   10.400000   -3.2937971521547D+02  2.359D+00
   10.500000   -3.1982240833166D+02  2.281D+00
   10.600000   -3.1064437709285D+02  2.206D+00
   10.700000   -3.0182567873483D+02  2.135D+00
   10.800000   -2.9334769172537D+02  2.066D+00
   10.900000   -2.8519301544367D+02  2.000D+00
   11.000000   -2.7734537764659D+02  1.937D+00
   11.100000   -2.6978954918654D+02  1.875D+00
   11.200000   -2.6251126546689D+02  1.817D+00
   11.300000   -2.5549715414434D+02  1.760D+00
   11.400000   -2.4873466861245D+02  1.705D+00
   11.500000   -2.4221202682641D+02  1.652D+00
   11.600000   -2.3591815505507D+02  1.601D+00
   11.700000   -2.2984263617236D+02  1.551D+00
   11.800000   -2.2397566212590D+02  1.504D+00
   11.900000   -2.1830799024501D+02  1.457D+00
   12.000000   -2.1283090307509D+02  1.413D+00
   12.100000   -2.0753617144747D+02  1.369D+00
   12.200000   -2.0241602051645D+02  1.327D+00
   12.300000   -1.9746309851547D+02  1.287D+00
   12.400000   -1.9267044800400D+02  1.248D+00
   12.500000   -1.8803147939515D+02  1.209D+00
   12.600000   -1.8353994657083D+02  1.173D+00
   12.700000   -1.7918992440756D+02  1.137D+00
   12.800000   -1.7497578805047D+02  1.102D+00
   12.900000   -1.7089219378704D+02  1.069D+00
   13.000000   -1.6693406138451D+02  1.037D+00
   13.100000   -1.6309655776692D+02  1.005D+00
   13.200000   -1.5937508191819D+02  9.749D-01
   13.300000   -1.5576525090758D+02  9.456D-01
   13.400000   -1.5226288694322D+02  9.171D-01
   13.500000   -1.4886400536731D+02  8.896D-01
   13.600000   -1.4556480351441D+02  8.629D-01
   13.700000   -1.4236165036129D+02  8.371D-01
   13.800000   -1.3925107690290D+02  8.122D-01
   13.900000   -1.3622976719496D+02  7.880D-01
   14.000000   -1.3329455000896D+02  7.647D-01
   14.100000   -1.3044239105017D+02  7.421D-01
   14.200000   -1.2767038569347D+02  7.202D-01
   14.300000   -1.2497575219609D+02  6.991D-01
   14.400000   -1.2235582534958D+02  6.786D-01
   14.500000   -1.1980805053711D+02  6.588D-01
   14.600000   -1.1732997816465D+02  6.397D-01
   14.700000   -1.1491925843774D+02  6.212D-01
   14.800000   -1.1257363645777D+02  6.033D-01
   14.900000   -1.1029094761402D+02  5.860D-01
   15.000000   -1.0806911324974D+02  5.693D-01
   15.100000   -1.0590613658244D+02  5.531D-01
   15.200000   -1.0380009886002D+02  5.374D-01
   15.300000   -1.0174915573627D+02  5.223D-01
   15.400000   -9.9751533850336D+01  5.077D-01
   15.500000   -9.7805527596085D+01  4.935D-01
   15.600000   -9.5909496068581D+01  4.799D-01
   15.700000   -9.4061860175719D+01  4.667D-01
   15.800000   -9.2261099904171D+01  4.539D-01
   15.900000   -9.0505751729580D+01  4.415D-01
   16.000000   -8.8794406161751D+01  4.296D-01
   16.100000   -8.7125705416276D+01  4.180D-01
   16.200000   -8.5498341204726D+01  4.069D-01
   16.300000   -8.3911052636093D+01  3.961D-01
   16.400000   -8.2362624222730D+01  3.856D-01
   16.500000   -8.0851883984540D+01  3.755D-01
   16.600000   -7.9377701645596D+01  3.657D-01
   16.700000   -7.7938986917815D+01  3.563D-01
   16.800000   -7.6534687866661D+01  3.471D-01
   16.900000   -7.5163789354233D+01  3.383D-01
   17.000000   -7.3825311555387D+01  3.297D-01
   17.100000   -7.2518308542852D+01  3.215D-01
   17.200000   -7.1241866937556D+01  3.135D-01
   17.300000   -6.9995104620644D+01  3.057D-01
   17.400000   -6.8777169503880D+01  2.982D-01
   17.500000   -6.7587238355361D+01  2.909D-01
   17.600000   -6.6424515677637D+01  2.839D-01
   17.700000   -6.5288232635529D+01  2.771D-01
   17.800000   -6.4177646031111D+01  2.705D-01
   17.900000   -6.3092037323454D+01  2.641D-01
   18.000000   -6.2030711690891D+01  2.579D-01
   18.100000   -6.0992997133694D+01  2.519D-01
   18.200000   -5.9978243615162D+01  2.461D-01
   18.300000   -5.8985822239256D+01  2.405D-01
   18.400000   -5.8015124463006D+01  2.350D-01
   18.500000   -5.7065561342029D+01  2.298D-01
   18.600000   -5.6136562807567D+01  2.246D-01
   18.700000   -5.5227576973582D+01  2.197D-01
   18.800000   -5.4338069472472D+01  2.149D-01
   18.900000   -5.3467522818095D+01  2.102D-01
   19.000000   -5.2615435794836D+01  2.057D-01
   19.100000   -5.1781322871521D+01  2.013D-01
   19.200000   -5.0964713639041D+01  1.970D-01
   19.300000   -5.0165152270629D+01  1.928D-01
   19.400000   -4.9382197003752D+01  1.888D-01
   19.500000   -4.8615419642671D+01  1.849D-01
   19.600000   -4.7864405080726D+01  1.811D-01
   19.700000   -4.7128750841512D+01  1.774D-01
   19.800000   -4.6408066638073D+01  1.739D-01
   19.900000   -4.5701973949362D+01  1.704D-01
   20.000000   -4.5010105613202D+01  1.670D-01
   20.100000   -4.4332105435032D+01  1.637D-01
   20.200000   -4.3667627811771D+01  1.605D-01
   20.300000   -4.3016337370139D+01  1.574D-01
   20.400000   -4.2377908618835D+01  1.544D-01
   20.500000   -4.1752025613973D+01  1.515D-01
   20.600000   -4.1138381637222D+01  1.486D-01
   20.700000   -4.0536678886115D+01  1.458D-01
   20.800000   -3.9946628176025D+01  1.431D-01
   20.900000   -3.9367948653311D+01  1.405D-01
   21.000000   -3.8800367519181D+01  1.379D-01
   21.100000   -3.8243619763827D+01  1.354D-01
   21.200000   -3.7697447910412D+01  1.330D-01
   21.300000   -3.7161601768499D+01  1.306D-01
   21.400000   -3.6635838196549D+01  1.283D-01
   21.500000   -3.6119920873109D+01  1.261D-01
   21.600000   -3.5613620076350D+01  1.239D-01
   21.700000   -3.5116712471605D+01  1.218D-01
   21.800000   -3.4628980906602D+01  1.197D-01
   21.900000   -3.4150214214071D+01  1.176D-01
   22.000000   -3.3680207021443D+01  1.157D-01
   22.100000   -3.3218759567352D+01  1.137D-01
   22.200000   -3.2765677524675D+01  1.118D-01
   22.300000   -3.2320771829849D+01  1.100D-01
   22.400000   -3.1883858518233D+01  1.082D-01
   22.500000   -3.1454758565253D+01  1.064D-01
   22.600000   -3.1033297733131D+01  1.047D-01
   22.700000   -3.0619306422971D+01  1.031D-01
   22.800000   -3.0212619531989D+01  1.014D-01
   22.900000   -2.9813076315703D+01  9.982D-02
   23.000000   -2.9420520254877D+01  9.826D-02
   23.100000   -2.9034798927054D+01  9.673D-02
   23.200000   -2.8655763882485D+01  9.524D-02
   23.300000   -2.8283270524314D+01  9.378D-02
   23.400000   -2.7917177992819D+01  9.236D-02
   23.500000   -2.7557349053598D+01  9.096D-02
   23.600000   -2.7203649989524D+01  8.960D-02
   23.700000   -2.6855950496336D+01  8.826D-02
   23.800000   -2.6514123581736D+01  8.696D-02
   23.900000   -2.6178045467852D+01  8.568D-02
   24.000000   -2.5847595496951D+01  8.443D-02
   24.100000   -2.5522656040282D+01  8.321D-02
   24.200000   -2.5203112409917D+01  8.201D-02
   24.300000   -2.4888852773513D+01  8.084D-02
   24.400000   -2.4579768071853D+01  7.969D-02
   24.500000   -2.4275751939094D+01  7.856D-02
   24.600000   -2.3976700625599D+01  7.746D-02
   24.700000   -2.3682512923281D+01  7.638D-02
   24.800000   -2.3393090093357D+01  7.532D-02
   24.900000   -2.3108335796426D+01  7.429D-02
   25.000000   -2.2828156024792D+01  7.327D-02
   25.100000   -2.2552459036947D+01  7.227D-02
   25.200000   -2.2281155294147D+01  7.130D-02
   25.300000   -2.2014157398990D+01  7.034D-02
   25.400000   -2.1751380035945D+01  6.940D-02
   25.500000   -2.1492739913749D+01  6.848D-02
   25.600000   -2.1238155709611D+01  6.758D-02
   25.700000   -2.0987548015166D+01  6.669D-02
   25.800000   -2.0740839284106D+01  6.582D-02
   25.900000   -2.0497953781440D+01  6.497D-02
   26.000000   -2.0258817534325D+01  6.413D-02
   26.100000   -2.0023358284406D+01  6.331D-02
   26.200000   -1.9791505441628D+01  6.250D-02
   26.300000   -1.9563190039455D+01  6.171D-02
   26.400000   -1.9338344691452D+01  6.093D-02
   26.500000   -1.9116903549195D+01  6.017D-02
   26.600000   -1.8898802261448D+01  5.942D-02
   26.700000   -1.8683977934570D+01  5.868D-02
   26.800000   -1.8472369094116D+01  5.795D-02
   26.900000   -1.8263915647588D+01  5.724D-02
   27.000000   -1.8058558848292D+01  5.655D-02
   27.100000   -1.7856241260277D+01  5.586D-02
   27.200000   -1.7656906724307D+01  5.518D-02
   27.300000   -1.7460500324837D+01  5.452D-02
   27.400000   -1.7266968357969D+01  5.387D-02
   27.500000   -1.7076258300334D+01  5.323D-02
   27.600000   -1.6888318778897D+01  5.260D-02
   27.700000   -1.6703099541629D+01  5.198D-02
   27.800000   -1.6520551429036D+01  5.137D-02
   27.900000   -1.6340626346512D+01  5.077D-02
   28.000000   -1.6163277237483D+01  5.018D-02
   28.100000   -1.5988458057328D+01  4.960D-02
   28.200000   -1.5816123748037D+01  4.903D-02
   28.300000   -1.5646230213605D+01  4.847D-02
   28.400000   -1.5478734296113D+01  4.792D-02
   28.500000   -1.5313593752487D+01  4.738D-02
   28.600000   -1.5150767231923D+01  4.685D-02
   28.700000   -1.4990214253934D+01  4.632D-02
   28.800000   -1.4831895187021D+01  4.580D-02
   28.900000   -1.4675771227933D+01  4.529D-02
   29.000000   -1.4521804381508D+01  4.479D-02
   29.100000   -1.4369957441076D+01  4.430D-02
   29.200000   -1.4220193969394D+01  4.381D-02
   29.300000   -1.4072478280116D+01  4.334D-02
   29.400000   -1.3926775419766D+01  4.287D-02
   29.500000   -1.3783051150207D+01  4.240D-02
   29.600000   -1.3641271931585D+01  4.195D-02
   29.700000   -1.3501404905740D+01  4.150D-02
   29.800000   -1.3363417880063D+01  4.105D-02
   29.900000   -1.3227279311792D+01  4.062D-02
   30.000000   -1.3092958292728D+01  4.019D-02
   30.100000   -1.2960424534360D+01  3.976D-02
   30.200000   -1.2829648353392D+01  3.934D-02
   30.300000   -1.2700600657650D+01  3.893D-02
   30.400000   -1.2573252932367D+01  3.853D-02
   30.500000   -1.2447577226832D+01  3.813D-02
   30.600000   -1.2323546141383D+01  3.774D-02
   30.700000   -1.2201132814753D+01  3.735D-02
   30.800000   -1.2080310911740D+01  3.697D-02
   30.900000   -1.1961054611201D+01  3.659D-02
   31.000000   -1.1843338594359D+01  3.622D-02
   31.100000   -1.1727138033415D+01  3.585D-02
   31.200000   -1.1612428580451D+01  3.549D-02
   31.300000   -1.1499186356621D+01  3.513D-02
   31.400000   -1.1387387941619D+01  3.478D-02
   31.500000   -1.1277010363418D+01  3.444D-02
   31.600000   -1.1168031088271D+01  3.409D-02
   31.700000   -1.1060428010967D+01  3.376D-02
   31.800000   -1.0954179445327D+01  3.342D-02
   31.900000   -1.0849264114955D+01  3.310D-02
   32.000000   -1.0745661144206D+01  3.277D-02
   32.100000   -1.0643350049395D+01  3.245D-02
   32.200000   -1.0542310730212D+01  3.214D-02
   32.300000   -1.0442523461368D+01  3.183D-02
   32.400000   -1.0343968884434D+01  3.152D-02
   32.500000   -1.0246627999890D+01  3.122D-02
   32.600000   -1.0150482159371D+01  3.092D-02
   32.700000   -1.0055513058099D+01  3.063D-02
   32.800000   -9.9617027275100D+00  3.034D-02
   32.900000   -9.8690335280512D+00  3.005D-02
   33.000000   -9.7774881421624D+00  2.977D-02
   33.100000   -9.6870495674243D+00  2.949D-02
   33.200000   -9.5977011098743D+00  2.921D-02
   33.300000   -9.5094263774842D+00  2.894D-02
   33.400000   -9.4222092737951D+00  2.867D-02
   33.500000   -9.3360339917056D+00  2.841D-02
   33.600000   -9.2508850074089D+00  2.814D-02
   33.700000   -9.1667470744752D+00  2.789D-02
   33.800000   -9.0836052180747D+00  2.763D-02
   33.900000   -9.0014447293386D+00  2.738D-02
   34.000000   -8.9202511598531D+00  2.713D-02
   34.100000   -8.8400103162842D+00  2.688D-02
   34.200000   -8.7607082551285D+00  2.664D-02
   34.300000   -8.6823312775876D+00  2.640D-02
   34.400000   -8.6048659245630D+00  2.616D-02
   34.500000   -8.5282989717669D+00  2.593D-02
   34.600000   -8.4526174249477D+00  2.570D-02
   34.700000   -8.3778085152260D+00  2.547D-02
   34.800000   -8.3038596945386D+00  2.525D-02
   34.900000   -8.2307586311876D+00  2.502D-02
   35.000000   -8.1584932054922D+00  2.480D-02
   35.100000   -8.0870515055398D+00  2.459D-02
   35.200000   -8.0164218230347D+00  2.437D-02
   35.300000   -7.9465926492413D+00  2.416D-02
   35.400000   -7.8775526710199D+00  2.395D-02
   35.500000   -7.8092907669520D+00  2.374D-02
   35.600000   -7.7417960035534D+00  2.354D-02
   35.700000   -7.6750576315727D+00  2.333D-02
   35.800000   -7.6090650823734D+00  2.313D-02
   35.900000   -7.5438079643963D+00  2.294D-02
   36.000000   -7.4792760597019D+00  2.274D-02
   36.100000   -7.4154593205893D+00  2.255D-02
   36.200000   -7.3523478662906D+00  2.236D-02
   36.300000   -7.2899319797382D+00  2.217D-02
   36.400000   -7.2282021044044D+00  2.198D-02
   36.500000   -7.1671488412092D+00  2.180D-02
   36.600000   -7.1067629454981D+00  2.161D-02
   36.700000   -7.0470353240844D+00  2.143D-02
   36.800000   -6.9879570323568D+00  2.126D-02
   36.900000   -6.9295192714506D+00  2.108D-02
   37.000000   -6.8717133854794D+00  2.090D-02
   37.100000   -6.8145308588277D+00  2.073D-02
   37.200000   -6.7579633135015D+00  2.056D-02
   37.300000   -6.7020025065364D+00  2.039D-02
   37.400000   -6.6466403274610D+00  2.023D-02
   37.500000   -6.5918687958153D+00  2.006D-02
   37.600000   -6.5376800587217D+00  1.990D-02
   37.700000   -6.4840663885080D+00  1.974D-02
   37.800000   -6.4310201803808D+00  1.958D-02
   37.900000   -6.3785339501486D+00  1.942D-02
   38.000000   -6.3266003319930D+00  1.927D-02
   38.100000   -6.2752120762865D+00  1.911D-02
   38.200000   -6.2243620474566D+00  1.896D-02
   38.300000   -6.1740432218949D+00  1.881D-02
   38.400000   -6.1242486859097D+00  1.866D-02
   38.500000   -6.0749716337213D+00  1.851D-02
   38.600000   -6.0262053654990D+00  1.836D-02
   38.700000   -5.9779432854396D+00  1.822D-02
   38.800000   -5.9301788998844D+00  1.808D-02
   38.900000   -5.8829058154764D+00  1.794D-02
   39.000000   -5.8361177373546D+00  1.780D-02
   39.100000   -5.7898084673858D+00  1.766D-02
   39.200000   -5.7439719024326D+00  1.752D-02
   39.300000   -5.6986020326567D+00  1.738D-02
   39.400000   -5.6536929398570D+00  1.725D-02
   39.500000   -5.6092387958411D+00  1.712D-02
   39.600000   -5.5652338608307D+00  1.699D-02
   39.700000   -5.5216724818978D+00  1.685D-02
   39.800000   -5.4785490914343D+00  1.673D-02
   39.900000   -5.4358582056507D+00  1.660D-02
   40.000000   -5.3935944231063D+00  1.647D-02
   40.100000   -5.3517524232679D+00  1.635D-02
   40.200000   -5.3103269650975D+00  1.622D-02
   40.300000   -5.2693128856689D+00  1.610D-02
   40.400000   -5.2287050988105D+00  1.598D-02
   40.500000   -5.1884985937762D+00  1.586D-02
   40.600000   -5.1486884339420D+00  1.574D-02
   40.700000   -5.1092697555281D+00  1.562D-02
   40.800000   -5.0702377663468D+00  1.551D-02
   40.900000   -5.0315877445745D+00  1.539D-02
   41.000000   -4.9933150375479D+00  1.528D-02
   41.100000   -4.9554150605838D+00  1.517D-02
   41.200000   -4.9178832958215D+00  1.505D-02
   41.300000   -4.8807152910884D+00  1.494D-02
   41.400000   -4.8439066587869D+00  1.483D-02
   41.500000   -4.8074530748033D+00  1.473D-02
   41.600000   -4.7713502774373D+00  1.462D-02
   41.700000   -4.7355940663527D+00  1.451D-02
   41.800000   -4.7001803015479D+00  1.441D-02
   41.900000   -4.6651049023458D+00  1.430D-02
   42.000000   -4.6303638464039D+00  1.420D-02
   42.100000   -4.5959531687420D+00  1.410D-02
   42.200000   -4.5618689607899D+00  1.400D-02
   42.300000   -4.5281073694519D+00  1.390D-02
   42.400000   -4.4946645961893D+00  1.380D-02
   42.500000   -4.4615368961209D+00  1.370D-02
   42.600000   -4.4287205771398D+00  1.360D-02
   42.700000   -4.3962119990465D+00  1.350D-02
   42.800000   -4.3640075726993D+00  1.341D-02
   42.900000   -4.3321037591795D+00  1.331D-02
   43.000000   -4.3004970689728D+00  1.322D-02
   43.100000   -4.2691840611659D+00  1.313D-02
   43.200000   -4.2381613426578D+00  1.303D-02
   43.300000   -4.2074255673858D+00  1.294D-02
   43.400000   -4.1769734355658D+00  1.285D-02
   43.500000   -4.1468016929465D+00  1.276D-02
   43.600000   -4.1169071300778D+00  1.267D-02
   43.700000   -4.0872865815919D+00  1.259D-02
   43.800000   -4.0579369254980D+00  1.250D-02
   43.900000   -4.0288550824901D+00  1.241D-02
   44.000000   -4.0000380152667D+00  1.233D-02
   44.100000   -3.9714827278636D+00  1.224D-02
   44.200000   -3.9431862649983D+00  1.216D-02
   44.300000   -3.9151457114267D+00  1.208D-02
   44.400000   -3.8873581913111D+00  1.199D-02
   44.500000   -3.8598208675993D+00  1.191D-02
   44.600000   -3.8325309414159D+00  1.183D-02
   44.700000   -3.8054856514634D+00  1.175D-02
   44.800000   -3.7786822734345D+00  1.167D-02
   44.900000   -3.7521181194350D+00  1.159D-02
   45.000000   -3.7257905374168D+00  1.152D-02
   45.100000   -3.6996969106210D+00  1.144D-02
   45.200000   -3.6738346570308D+00  1.136D-02
   45.300000   -3.6482012288344D+00  1.129D-02
   45.400000   -3.6227941118968D+00  1.121D-02
   45.500000   -3.5976108252418D+00  1.114D-02
   45.600000   -3.5726489205420D+00  1.106D-02
   45.700000   -3.5479059816187D+00  1.099D-02
   45.800000   -3.5233796239500D+00  1.092D-02
   45.900000   -3.4990674941876D+00  1.084D-02
   46.000000   -3.4749672696823D+00  1.077D-02
   46.100000   -3.4510766580173D+00  1.070D-02
   46.200000   -3.4273933965498D+00  1.063D-02
   46.300000   -3.4039152519608D+00  1.056D-02
   46.400000   -3.3806400198120D+00  1.049D-02
   46.500000   -3.3575655241111D+00  1.042D-02
   46.600000   -3.3346896168844D+00  1.036D-02
   46.700000   -3.3120101777558D+00  1.029D-02
   46.800000   -3.2895251135348D+00  1.022D-02
   46.900000   -3.2672323578094D+00  1.016D-02
   47.000000   -3.2451298705480D+00  1.009D-02
   47.100000   -3.2232156377068D+00  1.003D-02
   47.200000   -3.2014876708437D+00  9.963D-03
   47.300000   -3.1799440067402D+00  9.899D-03
   47.400000   -3.1585827070276D+00  9.836D-03
   47.500000   -3.1374018578215D+00  9.773D-03
   47.600000   -3.1163995693611D+00  9.711D-03
   47.700000   -3.0955739756553D+00  9.650D-03
   47.800000   -3.0749232341342D+00  9.588D-03
   47.900000   -3.0544455253067D+00  9.528D-03
   48.000000   -3.0341390524240D+00  9.468D-03
   48.100000   -3.0140020411483D+00  9.408D-03
   48.200000   -2.9940327392274D+00  9.349D-03
   48.300000   -2.9742294161743D+00  9.290D-03
   48.400000   -2.9545903629523D+00  9.232D-03
   48.500000   -2.9351138916654D+00  9.175D-03
   48.600000   -2.9157983352537D+00  9.117D-03
   48.700000   -2.8966420471939D+00  9.061D-03
   48.800000   -2.8776434012043D+00  9.005D-03
   48.900000   -2.8588007909551D+00  8.949D-03
   49.000000   -2.8401126297837D+00  8.893D-03
   49.100000   -2.8215773504135D+00  8.839D-03
   49.200000   -2.8031934046784D+00  8.784D-03
   49.300000   -2.7849592632517D+00  8.730D-03
   49.400000   -2.7668734153783D+00  8.677D-03
   49.500000   -2.7489343686128D+00  8.624D-03
   49.600000   -2.7311406485603D+00  8.571D-03
   49.700000   -2.7134907986229D+00  8.519D-03
   49.800000   -2.6959833797487D+00  8.467D-03
   49.900000   -2.6786169701861D+00  8.415D-03
   50.000000   -2.6613901652415D+00  8.364D-03
   50.100000   -2.6443015770408D+00  8.314D-03
   50.200000   -2.6273498342947D+00  8.264D-03
   50.300000   -2.6105335820682D+00  8.214D-03
   50.400000   -2.5938514815532D+00  8.164D-03
   50.500000   -2.5773022098448D+00  8.115D-03
   50.600000   -2.5608844597216D+00  8.067D-03
   50.700000   -2.5445969394288D+00  8.019D-03
   50.800000   -2.5284383724651D+00  7.971D-03
   50.900000   -2.5124074973731D+00  7.923D-03
   51.000000   -2.4965030675326D+00  7.876D-03
   51.100000   -2.4807238509574D+00  7.829D-03
   51.200000   -2.4650686300951D+00  7.783D-03
   51.300000   -2.4495362016303D+00  7.737D-03
   51.400000   -2.4341253762905D+00  7.691D-03
   51.500000   -2.4188349786553D+00  7.646D-03
   51.600000   -2.4036638469683D+00  7.601D-03
   51.700000   -2.3886108329525D+00  7.556D-03
   51.800000   -2.3736748016275D+00  7.512D-03
   51.900000   -2.3588546311306D+00  7.468D-03
   52.000000   -2.3441492125403D+00  7.425D-03
   52.100000   -2.3295574497017D+00  7.381D-03
   52.200000   -2.3150782590562D+00  7.339D-03
   52.300000   -2.3007105694722D+00  7.296D-03
   52.400000   -2.2864533220794D+00  7.254D-03
   52.500000   -2.2723054701050D+00  7.212D-03
   52.600000   -2.2582659787132D+00  7.170D-03
   52.700000   -2.2443338248462D+00  7.129D-03
   52.800000   -2.2305079970680D+00  7.088D-03
   52.900000   -2.2167874954110D+00  7.047D-03
   53.000000   -2.2031713312241D+00  7.007D-03
   53.100000   -2.1896585270237D+00  6.967D-03
   53.200000   -2.1762481163467D+00  6.927D-03
   53.300000   -2.1629391436058D+00  6.887D-03
   53.400000   -2.1497306639468D+00  6.848D-03
   53.500000   -2.1366217431083D+00  6.809D-03
   53.600000   -2.1236114572831D+00  6.771D-03
   53.700000   -2.1106988929822D+00  6.732D-03
   53.800000   -2.0978831469003D+00  6.694D-03
   53.900000   -2.0851633257836D+00  6.656D-03
   54.000000   -2.0725385462997D+00  6.619D-03
   54.100000   -2.0600079349087D+00  6.582D-03
   54.200000   -2.0475706277373D+00  6.545D-03
   54.300000   -2.0352257704535D+00  6.508D-03
   54.400000   -2.0229725181445D+00  6.472D-03
   54.500000   -2.0108100351953D+00  6.435D-03
   54.600000   -1.9987374951695D+00  6.400D-03
   54.700000   -1.9867540806917D+00  6.364D-03
   54.800000   -1.9748589833323D+00  6.329D-03
   54.900000   -1.9630514034925D+00  6.294D-03
   55.000000   -1.9513305502927D+00  6.259D-03
   55.100000   -1.9396956414614D+00  6.224D-03
   55.200000   -1.9281459032258D+00  6.190D-03
   55.300000   -1.9166805702046D+00  6.156D-03
   55.400000   -1.9052988853015D+00  6.122D-03
   55.500000   -1.8940000996011D+00  6.088D-03
   55.600000   -1.8827834722656D+00  6.055D-03
   55.700000   -1.8716482704333D+00  6.022D-03
   55.800000   -1.8605937691185D+00  5.989D-03
   55.900000   -1.8496192511131D+00  5.956D-03
   56.000000   -1.8387240068888D+00  5.924D-03
   56.100000   -1.8279073345018D+00  5.891D-03
   56.200000   -1.8171685394980D+00  5.859D-03
   56.300000   -1.8065069348198D+00  5.828D-03
   56.400000   -1.7959218407145D+00  5.796D-03
   56.500000   -1.7854125846434D+00  5.765D-03
   56.600000   -1.7749785011931D+00  5.734D-03
   56.700000   -1.7646189319867D+00  5.703D-03
   56.800000   -1.7543332255978D+00  5.672D-03
   56.900000   -1.7441207374647D+00  5.642D-03
   57.000000   -1.7339808298056D+00  5.611D-03
   57.100000   -1.7239128715362D+00  5.581D-03
   57.200000   -1.7139162381872D+00  5.552D-03
   57.300000   -1.7039903118235D+00  5.522D-03
   57.400000   -1.6941344809645D+00  5.492D-03
   57.500000   -1.6843481405057D+00  5.463D-03
   57.600000   -1.6746306916407D+00  5.434D-03
   57.700000   -1.6649815417851D+00  5.405D-03
   57.800000   -1.6554001045011D+00  5.377D-03
   57.900000   -1.6458857994228D+00  5.348D-03
   58.000000   -1.6364380521835D+00  5.320D-03
   58.100000   -1.6270562943424D+00  5.292D-03
   58.200000   -1.6177399633143D+00  5.264D-03
   58.300000   -1.6084885022986D+00  5.237D-03
   58.400000   -1.5993013602100D+00  5.209D-03
   58.500000   -1.5901779916101D+00  5.182D-03
   58.600000   -1.5811178566401D+00  5.155D-03
   58.700000   -1.5721204209538D+00  5.128D-03
   58.800000   -1.5631851556523D+00  5.101D-03
   58.900000   -1.5543115372187D+00  5.074D-03
   59.000000   -1.5454990474550D+00  5.048D-03
   59.100000   -1.5367471734179D+00  5.022D-03
   59.200000   -1.5280554073578D+00  4.996D-03
   59.300000   -1.5194232466566D+00  4.970D-03
   59.400000   -1.5108501937672D+00  4.944D-03
   59.500000   -1.5023357561544D+00  4.919D-03
   59.600000   -1.4938794462352D+00  4.893D-03
   59.700000   -1.4854807813211D+00  4.868D-03
   59.800000   -1.4771392835608D+00  4.843D-03
   59.900000   -1.4688544798832D+00  4.818D-03
   60.000000   -1.4606259019419D+00  4.794D-03
   60.100000   -1.4524530860599D+00  4.769D-03
   60.200000   -1.4443355731755D+00  4.745D-03
   60.300000   -1.4362729087881D+00  4.721D-03
   60.400000   -1.4282646429060D+00  4.696D-03
   60.500000   -1.4203103299936D+00  4.673D-03
   60.600000   -1.4124095289198D+00  4.649D-03
   60.700000   -1.4045618029076D+00  4.625D-03
   60.800000   -1.3967667194835D+00  4.602D-03
   60.900000   -1.3890238504281D+00  4.578D-03
   61.000000   -1.3813327717271D+00  4.555D-03
   61.100000   -1.3736930635232D+00  4.532D-03
   61.200000   -1.3661043100682D+00  4.509D-03
   61.300000   -1.3585660996763D+00  4.487D-03
   61.400000   -1.3510780246774D+00  4.464D-03
   61.500000   -1.3436396813716D+00  4.442D-03
   61.600000   -1.3362506699837D+00  4.420D-03
   61.700000   -1.3289105946188D+00  4.397D-03
   61.800000   -1.3216190632181D+00  4.375D-03
   61.900000   -1.3143756875155D+00  4.354D-03
   62.000000   -1.3071800829949D+00  4.332D-03
   62.100000   -1.3000318688472D+00  4.310D-03
   62.200000   -1.2929306679292D+00  4.289D-03
   62.300000   -1.2858761067219D+00  4.268D-03
   62.400000   -1.2788678152899D+00  4.246D-03
   62.500000   -1.2719054272411D+00  4.225D-03
   62.600000   -1.2649885796870D+00  4.204D-03
   62.700000   -1.2581169132034D+00  4.184D-03
   62.800000   -1.2512900717918D+00  4.163D-03
   62.900000   -1.2445077028411D+00  4.143D-03
   63.000000   -1.2377694570900D+00  4.122D-03
   63.100000   -1.2310749885895D+00  4.102D-03
   63.200000   -1.2244239546663D+00  4.082D-03
   63.300000   -1.2178160158863D+00  4.062D-03
   63.400000   -1.2112508360190D+00  4.042D-03
   63.500000   -1.2047280820017D+00  4.022D-03
   63.600000   -1.1982474239048D+00  4.002D-03
   63.700000   -1.1918085348973D+00  3.983D-03
   63.800000   -1.1854110912123D+00  3.963D-03
   63.900000   -1.1790547721140D+00  3.944D-03
   64.000000   -1.1727392598638D+00  3.925D-03
   64.100000   -1.1664642396875D+00  3.906D-03
   64.200000   -1.1602293997435D+00  3.887D-03
   64.300000   -1.1540344310899D+00  3.868D-03
   64.400000   -1.1478790276536D+00  3.849D-03
   64.500000   -1.1417628861986D+00  3.831D-03
   64.600000   -1.1356857062952D+00  3.812D-03
   64.700000   -1.1296471902898D+00  3.794D-03
   64.800000   -1.1236470432743D+00  3.776D-03
   64.900000   -1.1176849730571D+00  3.758D-03
   65.000000   -1.1117606901328D+00  3.740D-03
   65.100000   -1.1058739076540D+00  3.722D-03
   65.200000   -1.1000243414023D+00  3.704D-03
   65.300000   -1.0942117097598D+00  3.686D-03
   65.400000   -1.0884357336818D+00  3.668D-03
   65.500000   -1.0826961366683D+00  3.651D-03
   65.600000   -1.0769926447375D+00  3.634D-03
   65.700000   -1.0713249863984D+00  3.616D-03
   65.800000   -1.0656928926242D+00  3.599D-03
   65.900000   -1.0600960968264D+00  3.582D-03
   66.000000   -1.0545343348282D+00  3.565D-03
   66.100000   -1.0490073448395D+00  3.548D-03
   66.200000   -1.0435148674308D+00  3.531D-03
   66.300000   -1.0380566455089D+00  3.514D-03
   66.400000   -1.0326324242917D+00  3.498D-03
   66.500000   -1.0272419512838D+00  3.481D-03
   66.600000   -1.0218849762523D+00  3.465D-03
   66.700000   -1.0165612512033D+00  3.449D-03
   66.800000   -1.0112705303578D+00  3.432D-03
   66.900000   -1.0060125701286D+00  3.416D-03
   67.000000   -1.0007871290975D+00  3.400D-03
   67.100000   -9.9559396799217D-01  3.384D-03
   67.200000   -9.9043284966401D-01  3.368D-03
   67.300000   -9.8530353906566D-01  3.353D-03
   67.400000   -9.8020580322920D-01  3.337D-03
   67.500000   -9.7513941124442D-01  3.321D-03
   67.600000   -9.7010413423740D-01  3.306D-03
   67.700000   -9.6509974534931D-01  3.291D-03
   67.800000   -9.6012601971548D-01  3.275D-03
   67.900000   -9.5518273444475D-01  3.260D-03
   68.000000   -9.5026966859896D-01  3.245D-03
   68.100000   -9.4538660317279D-01  3.230D-03
   68.200000   -9.4053332107382D-01  3.215D-03
   68.300000   -9.3570960710274D-01  3.200D-03
   68.400000   -9.3091524793388D-01  3.185D-03
   68.500000   -9.2615003209592D-01  3.170D-03
   68.600000   -9.2141374995288D-01  3.156D-03
   68.700000   -9.1670619368524D-01  3.141D-03
   68.800000   -9.1202715727135D-01  3.127D-03
   68.900000   -9.0737643646908D-01  3.112D-03
   69.000000   -9.0275382879755D-01  3.098D-03
   69.100000   -8.9815913351926D-01  3.084D-03
   69.200000   -8.9359215162226D-01  3.070D-03
   69.300000   -8.8905268580261D-01  3.056D-03
   69.400000   -8.8454054044705D-01  3.042D-03
   69.500000   -8.8005552161581D-01  3.028D-03
   69.600000   -8.7559743702569D-01  3.014D-03
   69.700000   -8.7116609603325D-01  3.000D-03
   69.800000   -8.6676130961830D-01  2.986D-03
   69.900000   -8.6238289036747D-01  2.973D-03
   70.000000   -8.5803065245805D-01  2.959D-03
   70.100000   -8.5370441164194D-01  2.946D-03
   70.200000   -8.4940398522989D-01  2.932D-03
   70.300000   -8.4512919207578D-01  2.919D-03
   70.400000   -8.4087985256121D-01  2.906D-03
   70.500000   -8.3665578858021D-01  2.893D-03
   70.600000   -8.3245682352406D-01  2.880D-03
   70.700000   -8.2828278226641D-01  2.867D-03
   70.800000   -8.2413349114847D-01  2.854D-03
   70.900000   -8.2000877796443D-01  2.841D-03
   71.000000   -8.1590847194696D-01  2.828D-03
   71.100000   -8.1183240375298D-01  2.815D-03
   71.200000   -8.0778040544953D-01  2.803D-03
   71.300000   -8.0375231049978D-01  2.790D-03
   71.400000   -7.9974795374925D-01  2.777D-03
   71.500000   -7.9576717141214D-01  2.765D-03
   71.600000   -7.9180980105788D-01  2.753D-03
   71.700000   -7.8787568159770D-01  2.740D-03
   71.800000   -7.8396465327151D-01  2.728D-03
   71.900000   -7.8007655763483D-01  2.716D-03
   72.000000   -7.7621123754585D-01  2.704D-03
   72.100000   -7.7236853715271D-01  2.692D-03
   72.200000   -7.6854830188086D-01  2.680D-03
   72.300000   -7.6475037842061D-01  2.668D-03
   72.400000   -7.6097461471475D-01  2.656D-03
   72.500000   -7.5722085994636D-01  2.644D-03
   72.600000   -7.5348896452677D-01  2.632D-03
   72.700000   -7.4977878008360D-01  2.620D-03
   72.800000   -7.4609015944894D-01  2.609D-03
   72.900000   -7.4242295664773D-01  2.597D-03
   73.000000   -7.3877702688618D-01  2.586D-03
   73.100000   -7.3515222654034D-01  2.574D-03
   73.200000   -7.3154841314484D-01  2.563D-03
   73.300000   -7.2796544538172D-01  2.552D-03
   73.400000   -7.2440318306939D-01  2.540D-03
   73.500000   -7.2086148715165D-01  2.529D-03
   73.600000   -7.1734021968699D-01  2.518D-03
   73.700000   -7.1383924383779D-01  2.507D-03
   73.800000   -7.1035842385984D-01  2.496D-03
   73.900000   -7.0689762509187D-01  2.485D-03
   74.000000   -7.0345671394514D-01  2.474D-03
   74.100000   -7.0003555789332D-01  2.463D-03
   74.200000   -6.9663402546231D-01  2.452D-03
   74.300000   -6.9325198622022D-01  2.441D-03
   74.400000   -6.8988931076753D-01  2.431D-03
   74.500000   -6.8654587072726D-01  2.420D-03
   74.600000   -6.8322153873529D-01  2.409D-03
   74.700000   -6.7991618843081D-01  2.399D-03
   74.800000   -6.7662969444679D-01  2.388D-03
   74.900000   -6.7336193240066D-01  2.378D-03
   75.000000   -6.7011277888502D-01  2.368D-03
   75.100000   -6.6688211145845D-01  2.357D-03
   75.200000   -6.6366980863645D-01  2.347D-03
   75.300000   -6.6047574988250D-01  2.337D-03
   75.400000   -6.5729981559910D-01  2.327D-03
   75.500000   -6.5414188711906D-01  2.317D-03
   75.600000   -6.5100184669678D-01  2.307D-03
   75.700000   -6.4787957749966D-01  2.297D-03
   75.800000   -6.4477496359957D-01  2.287D-03
   75.900000   -6.4168788996448D-01  2.277D-03
   76.000000   -6.3861824245010D-01  2.267D-03
   76.100000   -6.3556590779167D-01  2.257D-03
   76.200000   -6.3253077359578D-01  2.247D-03
   76.300000   -6.2951272833234D-01  2.238D-03
   76.400000   -6.2651166132661D-01  2.228D-03
   76.500000   -6.2352746275126D-01  2.218D-03
   76.600000   -6.2056002361862D-01  2.209D-03
   76.700000   -6.1760923577293D-01  2.199D-03
   76.800000   -6.1467499188270D-01  2.190D-03
   76.900000   -6.1175718543314D-01  2.180D-03
   77.000000   -6.0885571071872D-01  2.171D-03
   77.100000   -6.0597046283568D-01  2.162D-03
   77.200000   -6.0310133767483D-01  2.152D-03
   77.300000   -6.0024823191418D-01  2.143D-03
   77.400000   -5.9741104301185D-01  2.134D-03
   77.500000   -5.9458966919896D-01  2.125D-03
   77.600000   -5.9178400947258D-01  2.116D-03
   77.700000   -5.8899396358881D-01  2.107D-03
   77.800000   -5.8621943205591D-01  2.098D-03
   77.900000   -5.8346031612746D-01  2.089D-03
   78.000000   -5.8071651779570D-01  2.080D-03
   78.100000   -5.7798793978478D-01  2.071D-03
   78.200000   -5.7527448554426D-01  2.062D-03
   78.300000   -5.7257605924252D-01  2.053D-03
   78.400000   -5.6989256576033D-01  2.044D-03
   78.500000   -5.6722391068449D-01  2.036D-03
   78.600000   -5.6457000030147D-01  2.027D-03
   78.700000   -5.6193074159117D-01  2.019D-03
   78.800000   -5.5930604222074D-01  2.010D-03
   78.900000   -5.5669581053845D-01  2.001D-03
   79.000000   -5.5409995556764D-01  1.993D-03
   79.100000   -5.5151838700068D-01  1.984D-03
   79.200000   -5.4895101519310D-01  1.976D-03
   79.300000   -5.4639775115766D-01  1.968D-03
   79.400000   -5.4385850655856D-01  1.959D-03
   79.500000   -5.4133319370570D-01  1.951D-03
   79.600000   -5.3882172554894D-01  1.943D-03
   79.700000   -5.3632401567252D-01  1.935D-03
   79.800000   -5.3383997828945D-01  1.926D-03
   79.900000   -5.3136952823600D-01  1.918D-03
   80.000000   -5.2891258096622D-01  1.910D-03
   80.100000   -5.2646905254655D-01  1.902D-03
   80.200000   -5.2403885965049D-01  1.894D-03
   80.300000   -5.2162191955326D-01  1.886D-03
   80.400000   -5.1921815012657D-01  1.878D-03
   80.500000   -5.1682746983346D-01  1.870D-03
   80.600000   -5.1444979772313D-01  1.863D-03
   80.700000   -5.1208505342588D-01  1.855D-03
   80.800000   -5.0973315714805D-01  1.847D-03
   80.900000   -5.0739402966708D-01  1.839D-03
   81.000000   -5.0506759232657D-01  1.831D-03
   81.100000   -5.0275376703137D-01  1.824D-03
   81.200000   -5.0045247624277D-01  1.816D-03
   81.300000   -4.9816364297377D-01  1.809D-03
   81.400000   -4.9588719078424D-01  1.801D-03
   81.500000   -4.9362304377636D-01  1.793D-03
   81.600000   -4.9137112658988D-01  1.786D-03
   81.700000   -4.8913136439759D-01  1.779D-03
   81.800000   -4.8690368290077D-01  1.771D-03
   81.900000   -4.8468800832470D-01  1.764D-03
   82.000000   -4.8248426741415D-01  1.756D-03
   82.100000   -4.8029238742907D-01  1.749D-03
   82.200000   -4.7811229614016D-01  1.742D-03
   82.300000   -4.7594392182455D-01  1.735D-03
   82.400000   -4.7378719326159D-01  1.727D-03
   82.500000   -4.7164203972853D-01  1.720D-03
   82.600000   -4.6950839099643D-01  1.713D-03
   82.700000   -4.6738617732590D-01  1.706D-03
   82.800000   -4.6527532946310D-01  1.699D-03
   82.900000   -4.6317577863562D-01  1.692D-03
   83.000000   -4.6108745654847D-01  1.685D-03
   83.100000   -4.5901029538008D-01  1.678D-03
   83.200000   -4.5694422777840D-01  1.671D-03
   83.300000   -4.5488918685694D-01  1.664D-03
   83.400000   -4.5284510619096D-01  1.657D-03
   83.500000   -4.5081191981361D-01  1.650D-03
   83.600000   -4.4878956221213D-01  1.643D-03
   83.700000   -4.4677796832414D-01  1.637D-03
   83.800000   -4.4477707353389D-01  1.630D-03
   83.900000   -4.4278681366862D-01  1.623D-03
   84.000000   -4.4080712499488D-01  1.616D-03
   84.100000   -4.3883794421494D-01  1.610D-03
   84.200000   -4.3687920846325D-01  1.603D-03
   84.300000   -4.3493085530284D-01  1.597D-03
   84.400000   -4.3299282272191D-01  1.590D-03
   84.500000   -4.3106504913029D-01  1.583D-03
   84.600000   -4.2914747335605D-01  1.577D-03
   84.700000   -4.2724003464209D-01  1.570D-03
   84.800000   -4.2534267264279D-01  1.564D-03
   84.900000   -4.2345532742066D-01  1.558D-03
   85.000000   -4.2157793944305D-01  1.551D-03
   85.100000   -4.1971044957891D-01  1.545D-03
   85.200000   -4.1785279909552D-01  1.539D-03
   85.300000   -4.1600492965531D-01  1.532D-03
   85.400000   -4.1416678331268D-01  1.526D-03
   85.500000   -4.1233830251087D-01  1.520D-03
   85.600000   -4.1051943007885D-01  1.514D-03
   85.700000   -4.0871010922823D-01  1.507D-03
   85.800000   -4.0691028355022D-01  1.501D-03
   85.900000   -4.0511989701262D-01  1.495D-03
   86.000000   -4.0333889395683D-01  1.489D-03
   86.100000   -4.0156721909484D-01  1.483D-03
   86.200000   -3.9980481750639D-01  1.477D-03
   86.300000   -3.9805163463598D-01  1.471D-03
   86.400000   -3.9630761629004D-01  1.465D-03
   86.500000   -3.9457270863406D-01  1.459D-03
   86.600000   -3.9284685818980D-01  1.453D-03
   86.700000   -3.9113001183246D-01  1.447D-03
   86.800000   -3.8942211678793D-01  1.441D-03
   86.900000   -3.8772312063005D-01  1.435D-03
   87.000000   -3.8603297127789D-01  1.430D-03
   87.100000   -3.8435161699308D-01  1.424D-03
   87.200000   -3.8267900637712D-01  1.418D-03
   87.300000   -3.8101508836876D-01  1.412D-03
   87.400000   -3.7935981224137D-01  1.407D-03
   87.500000   -3.7771312760040D-01  1.401D-03
   87.600000   -3.7607498438074D-01  1.395D-03
   87.700000   -3.7444533284425D-01  1.390D-03
   87.800000   -3.7282412357722D-01  1.384D-03
   87.900000   -3.7121130748788D-01  1.378D-03
   88.000000   -3.6960683580391D-01  1.373D-03
   88.100000   -3.6801066007005D-01  1.367D-03
   88.200000   -3.6642273214562D-01  1.362D-03
   88.300000   -3.6484300420216D-01  1.356D-03
   88.400000   -3.6327142872104D-01  1.351D-03
   88.500000   -3.6170795849111D-01  1.345D-03
   88.600000   -3.6015254660637D-01  1.340D-03
   88.700000   -3.5860514646364D-01  1.334D-03
   88.800000   -3.5706571176031D-01  1.329D-03
   88.900000   -3.5553419649203D-01  1.324D-03
   89.000000   -3.5401055495052D-01  1.318D-03
   89.100000   -3.5249474172127D-01  1.313D-03
   89.200000   -3.5098671168140D-01  1.308D-03
   89.300000   -3.4948641999744D-01  1.303D-03
   89.400000   -3.4799382212318D-01  1.297D-03
   89.500000   -3.4650887379754D-01  1.292D-03
   89.600000   -3.4503153104239D-01  1.287D-03
   89.700000   -3.4356175016053D-01  1.282D-03
   89.800000   -3.4209948773352D-01  1.277D-03
   89.900000   -3.4064470061968D-01  1.272D-03
   90.000000   -3.3919734595200D-01  1.267D-03
   90.100000   -3.3775738113612D-01  1.262D-03
   90.200000   -3.3632476384834D-01  1.256D-03
   90.300000   -3.3489945203359D-01  1.251D-03
   90.400000   -3.3348140390352D-01  1.246D-03
   90.500000   -3.3207057793445D-01  1.241D-03
   90.600000   -3.3066693286553D-01  1.237D-03
   90.700000   -3.2927042769674D-01  1.232D-03
   90.800000   -3.2788102168704D-01  1.227D-03
   90.900000   -3.2649867435244D-01  1.222D-03
   91.000000   -3.2512334546418D-01  1.217D-03
   91.100000   -3.2375499504684D-01  1.212D-03
   91.200000   -3.2239358337649D-01  1.207D-03
   91.300000   -3.2103907097894D-01  1.203D-03
   91.400000   -3.1969141862785D-01  1.198D-03
   91.500000   -3.1835058734300D-01  1.193D-03
   91.600000   -3.1701653838849D-01  1.188D-03
   91.700000   -3.1568923327100D-01  1.184D-03
   91.800000   -3.1436863373806D-01  1.179D-03
   91.900000   -3.1305470177628D-01  1.174D-03
   92.000000   -3.1174739960968D-01  1.170D-03
   92.100000   -3.1044668969799D-01  1.165D-03
   92.200000   -3.0915253473496D-01  1.160D-03
   92.300000   -3.0786489764669D-01  1.156D-03
   92.400000   -3.0658374159000D-01  1.151D-03
   92.500000   -3.0530902995076D-01  1.147D-03
   92.600000   -3.0404072634232D-01  1.142D-03
   92.700000   -3.0277879460384D-01  1.138D-03
   92.800000   -3.0152319879875D-01  1.133D-03
   92.900000   -3.0027390321312D-01  1.129D-03
   93.000000   -2.9903087235413D-01  1.124D-03
   93.100000   -2.9779407094853D-01  1.120D-03
   93.200000   -2.9656346394104D-01  1.115D-03
   93.300000   -2.9533901649288D-01  1.111D-03
   93.400000   -2.9412069398023D-01  1.107D-03
   93.500000   -2.9290846199272D-01  1.102D-03
   93.600000   -2.9170228633199D-01  1.098D-03
   93.700000   -2.9050213301015D-01  1.094D-03
   93.800000   -2.8930796824838D-01  1.089D-03
   93.900000   -2.8811975847541D-01  1.085D-03
   94.000000   -2.8693747032616D-01  1.081D-03
   94.100000   -2.8576107064025D-01  1.077D-03
   94.200000   -2.8459052646062D-01  1.072D-03
   94.300000   -2.8342580503212D-01  1.068D-03
   94.400000   -2.8226687380012D-01  1.064D-03
   94.500000   -2.8111370040912D-01  1.060D-03
   94.600000   -2.7996625270140D-01  1.056D-03
   94.700000   -2.7882449871567D-01  1.052D-03
   94.800000   -2.7768840668570D-01  1.047D-03
   94.900000   -2.7655794503899D-01  1.043D-03
   95.000000   -2.7543308239548D-01  1.039D-03
   95.100000   -2.7431378756621D-01  1.035D-03
   95.200000   -2.7320002955200D-01  1.031D-03
   95.300000   -2.7209177754223D-01  1.027D-03
   95.400000   -2.7098900091348D-01  1.023D-03
   95.500000   -2.6989166922832D-01  1.019D-03
   95.600000   -2.6879975223402D-01  1.015D-03
   95.700000   -2.6771321986130D-01  1.011D-03
   95.800000   -2.6663204222313D-01  1.007D-03
   95.900000   -2.6555618961345D-01  1.003D-03
   96.000000   -2.6448563250600D-01  9.996D-04
   96.100000   -2.6342034155307D-01  9.957D-04
   96.200000   -2.6236028758432D-01  9.918D-04
   96.300000   -2.6130544160561D-01  9.880D-04
   96.400000   -2.6025577479778D-01  9.842D-04
   96.500000   -2.5921125851553D-01  9.804D-04
   96.600000   -2.5817186428619D-01  9.766D-04
   96.700000   -2.5713756380866D-01  9.728D-04
   96.800000   -2.5610832895219D-01  9.690D-04
   96.900000   -2.5508413175527D-01  9.653D-04
   97.000000   -2.5406494442453D-01  9.616D-04
   97.100000   -2.5305073933359D-01  9.579D-04
   97.200000   -2.5204148902199D-01  9.542D-04
   97.300000   -2.5103716619405D-01  9.505D-04
   97.400000   -2.5003774371782D-01  9.468D-04
   97.500000   -2.4904319462397D-01  9.432D-04
   97.600000   -2.4805349210473D-01  9.396D-04
   97.700000   -2.4706860951285D-01  9.359D-04
   97.800000   -2.4608852036049D-01  9.323D-04
   97.900000   -2.4511319831821D-01  9.288D-04
   98.000000   -2.4414261721395D-01  9.252D-04
   98.100000   -2.4317675103193D-01  9.216D-04
   98.200000   -2.4221557391172D-01  9.181D-04
   98.300000   -2.4125906014714D-01  9.146D-04
   98.400000   -2.4030718418529D-01  9.111D-04
   98.500000   -2.3935992062556D-01  9.076D-04
   98.600000   -2.3841724421862D-01  9.041D-04
   98.700000   -2.3747912986543D-01  9.007D-04
   98.800000   -2.3654555261629D-01  8.972D-04
   98.900000   -2.3561648766985D-01  8.938D-04
   99.000000   -2.3469191037214D-01  8.904D-04
   99.100000   -2.3377179621563D-01  8.870D-04
   99.200000   -2.3285612083828D-01  8.836D-04
   99.300000   -2.3194486002261D-01  8.802D-04
   99.400000   -2.3103798969473D-01  8.769D-04
   99.500000   -2.3013548592346D-01  8.735D-04
   99.600000   -2.2923732491936D-01  8.702D-04
   99.700000   -2.2834348303387D-01  8.669D-04
   99.800000   -2.2745393675836D-01  8.636D-04
   99.900000   -2.2656866272326D-01  8.603D-04
  100.000000   -2.2568763769715D-01  8.571D-04
  100.100000   -2.2481083858589D-01  8.538D-04
  100.200000   -2.2393824243171D-01  8.506D-04
  100.300000   -2.2306982641237D-01  8.473D-04
  100.400000   -2.2220556784028D-01  8.441D-04
  100.500000   -2.2134544416163D-01  8.409D-04
  100.600000   -2.2048943295557D-01  8.377D-04
  100.700000   -2.1963751193331D-01  8.346D-04
  100.800000   -2.1878965893732D-01  8.314D-04
  100.900000   -2.1794585194048D-01  8.283D-04
  101.000000   -2.1710606904525D-01  8.251D-04
  101.100000   -2.1627028848286D-01  8.220D-04
  101.200000   -2.1543848861245D-01  8.189D-04
  101.300000   -2.1461064792033D-01  8.158D-04
  101.400000   -2.1378674501910D-01  8.128D-04
  101.500000   -2.1296675864690D-01  8.097D-04
  101.600000   -2.1215066766659D-01  8.066D-04
  101.700000   -2.1133845106498D-01  8.036D-04
  101.800000   -2.1053008795204D-01  8.006D-04
  101.900000   -2.0972555756012D-01  7.976D-04
  102.000000   -2.0892483924316D-01  7.946D-04
  102.100000   -2.0812791247596D-01  7.916D-04
  102.200000   -2.0733475685342D-01  7.886D-04
  102.300000   -2.0654535208972D-01  7.857D-04
  102.400000   -2.0575967801767D-01  7.827D-04
  102.500000   -2.0497771458787D-01  7.798D-04
  102.600000   -2.0419944186803D-01  7.769D-04
  102.700000   -2.0342484004222D-01  7.740D-04
  102.800000   -2.0265388941014D-01  7.711D-04
  102.900000   -2.0188657038639D-01  7.682D-04
  103.000000   -2.0112286349976D-01  7.653D-04
  103.100000   -2.0036274939251D-01  7.625D-04
  103.200000   -1.9960620881965D-01  7.596D-04
  103.300000   -1.9885322264828D-01  7.568D-04
  103.400000   -1.9810377185684D-01  7.540D-04
  103.500000   -1.9735783753442D-01  7.512D-04
  103.600000   -1.9661540088013D-01  7.484D-04
  103.700000   -1.9587644320234D-01  7.456D-04
  103.800000   -1.9514094591803D-01  7.428D-04
  103.900000   -1.9440889055212D-01  7.400D-04
  104.000000   -1.9368025873682D-01  7.373D-04
  104.100000   -1.9295503221090D-01  7.346D-04
  104.200000   -1.9223319281909D-01  7.318D-04
  104.300000   -1.9151472251141D-01  7.291D-04
  104.400000   -1.9079960334249D-01  7.264D-04
  104.500000   -1.9008781747094D-01  7.237D-04
  104.600000   -1.8937934715873D-01  7.211D-04
  104.700000   -1.8867417477051D-01  7.184D-04
  104.800000   -1.8797228277298D-01  7.157D-04
  104.900000   -1.8727365373430D-01  7.131D-04
  105.000000   -1.8657827032342D-01  7.105D-04
  105.100000   -1.8588611530947D-01  7.078D-04
  105.200000   -1.8519717156117D-01  7.052D-04
  105.300000   -1.8451142204616D-01  7.026D-04
  105.400000   -1.8382884983045D-01  7.000D-04
  105.500000   -1.8314943807776D-01  6.975D-04
  105.600000   -1.8247317004898D-01  6.949D-04
  105.700000   -1.8180002910150D-01  6.923D-04
  105.800000   -1.8112999868869D-01  6.898D-04
  105.900000   -1.8046306235925D-01  6.873D-04
  106.000000   -1.7979920375667D-01  6.847D-04
  106.100000   -1.7913840661860D-01  6.822D-04
  106.200000   -1.7848065477634D-01  6.797D-04
  106.300000   -1.7782593215420D-01  6.772D-04
  106.400000   -1.7717422276895D-01  6.748D-04
  106.500000   -1.7652551072930D-01  6.723D-04
  106.600000   -1.7587978023524D-01  6.698D-04
  106.700000   -1.7523701557760D-01  6.674D-04
  106.800000   -1.7459720113738D-01  6.650D-04
  106.900000   -1.7396032138530D-01  6.625D-04
  107.000000   -1.7332636088117D-01  6.601D-04
  107.100000   -1.7269530427340D-01  6.577D-04
  107.200000   -1.7206713629844D-01  6.553D-04
  107.300000   -1.7144184178022D-01  6.529D-04
  107.400000   -1.7081940562966D-01  6.505D-04
  107.500000   -1.7019981284413D-01  6.482D-04
  107.600000   -1.6958304850689D-01  6.458D-04
  107.700000   -1.6896909778660D-01  6.435D-04
  107.800000   -1.6835794593678D-01  6.411D-04
  107.900000   -1.6774957829533D-01  6.388D-04
  108.000000   -1.6714398028396D-01  6.365D-04
  108.100000   -1.6654113740774D-01  6.342D-04
  108.200000   -1.6594103525453D-01  6.319D-04
  108.300000   -1.6534365949454D-01  6.296D-04
  108.400000   -1.6474899587979D-01  6.273D-04
  108.500000   -1.6415703024364D-01  6.251D-04
  108.600000   -1.6356774850026D-01  6.228D-04
  108.700000   -1.6298113664418D-01  6.206D-04
  108.800000   -1.6239718074977D-01  6.183D-04
  108.900000   -1.6181586697079D-01  6.161D-04
  109.000000   -1.6123718153989D-01  6.139D-04
  109.100000   -1.6066111076811D-01  6.117D-04
  109.200000   -1.6008764104444D-01  6.095D-04
  109.300000   -1.5951675883536D-01  6.073D-04
  109.400000   -1.5894845068431D-01  6.051D-04
  109.500000   -1.5838270321130D-01  6.029D-04
  109.600000   -1.5781950311239D-01  6.008D-04
  109.700000   -1.5725883715925D-01  5.986D-04
  109.800000   -1.5670069219873D-01  5.965D-04
  109.900000   -1.5614505515234D-01  5.943D-04
  110.000000   -1.5559191301588D-01  5.922D-04
  110.100000   -1.5504125285894D-01  5.901D-04
  110.200000   -1.5449306182447D-01  5.880D-04
  110.300000   -1.5394732712831D-01  5.859D-04
  110.400000   -1.5340403605883D-01  5.838D-04
  110.500000   -1.5286317597640D-01  5.817D-04
  110.600000   -1.5232473431300D-01  5.796D-04
  110.700000   -1.5178869857180D-01  5.776D-04
  110.800000   -1.5125505632671D-01  5.755D-04
  110.900000   -1.5072379522197D-01  5.735D-04
  111.000000   -1.5019490297171D-01  5.714D-04
  111.100000   -1.4966836735954D-01  5.694D-04
  111.200000   -1.4914417623814D-01  5.674D-04
  111.300000   -1.4862231752883D-01  5.653D-04
  111.400000   -1.4810277922117D-01  5.633D-04
  111.500000   -1.4758554937254D-01  5.613D-04
  111.600000   -1.4707061610775D-01  5.594D-04
  111.700000   -1.4655796761861D-01  5.574D-04
  111.800000   -1.4604759216354D-01  5.554D-04
  111.900000   -1.4553947806720D-01  5.534D-04
  112.000000   -1.4503361372004D-01  5.515D-04
  112.100000   -1.4452998757794D-01  5.495D-04
  112.200000   -1.4402858816182D-01  5.476D-04
  112.300000   -1.4352940405722D-01  5.457D-04
  112.400000   -1.4303242391395D-01  5.437D-04
  112.500000   -1.4253763644568D-01  5.418D-04
  112.600000   -1.4204503042959D-01  5.399D-04
  112.700000   -1.4155459470595D-01  5.380D-04
  112.800000   -1.4106631817775D-01  5.361D-04
  112.900000   -1.4058018981035D-01  5.343D-04
  113.000000   -1.4009619863110D-01  5.324D-04
  113.100000   -1.3961433372896D-01  5.305D-04
  113.200000   -1.3913458425412D-01  5.287D-04
  113.300000   -1.3865693941767D-01  5.268D-04
  113.400000   -1.3818138849120D-01  5.250D-04
  113.500000   -1.3770792080647D-01  5.231D-04
  113.600000   -1.3723652575503D-01  5.213D-04
  113.700000   -1.3676719278787D-01  5.195D-04
  113.800000   -1.3629991141506D-01  5.177D-04
  113.900000   -1.3583467120542D-01  5.159D-04
  114.000000   -1.3537146178615D-01  5.141D-04
  114.100000   -1.3491027284246D-01  5.123D-04
  114.200000   -1.3445109411730D-01  5.105D-04
  114.300000   -1.3399391541092D-01  5.087D-04
  114.400000   -1.3353872658060D-01  5.069D-04
  114.500000   -1.3308551754029D-01  5.052D-04
  114.600000   -1.3263427826026D-01  5.034D-04
  114.700000   -1.3218499876679D-01  5.017D-04
  114.800000   -1.3173766914180D-01  4.999D-04
  114.900000   -1.3129227952255D-01  4.982D-04
  115.000000   -1.3084882010133D-01  4.965D-04
  115.100000   -1.3040728112506D-01  4.948D-04
  115.200000   -1.2996765289505D-01  4.931D-04
  115.300000   -1.2952992576662D-01  4.914D-04
  115.400000   -1.2909409014880D-01  4.897D-04
  115.500000   -1.2866013650403D-01  4.880D-04
  115.600000   -1.2822805534779D-01  4.863D-04
  115.700000   -1.2779783724835D-01  4.846D-04
  115.800000   -1.2736947282640D-01  4.829D-04
  115.900000   -1.2694295275480D-01  4.813D-04
  116.000000   -1.2651826775819D-01  4.796D-04
  116.100000   -1.2609540861276D-01  4.780D-04
  116.200000   -1.2567436614591D-01  4.763D-04
  116.300000   -1.2525513123596D-01  4.747D-04
  116.400000   -1.2483769481182D-01  4.731D-04
  116.500000   -1.2442204785273D-01  4.715D-04
  116.600000   -1.2400818138791D-01  4.698D-04
  116.700000   -1.2359608649635D-01  4.682D-04
  116.800000   -1.2318575430642D-01  4.666D-04
  116.900000   -1.2277717599563D-01  4.650D-04
  117.000000   -1.2237034279034D-01  4.635D-04
  117.100000   -1.2196524596547D-01  4.619D-04
  117.200000   -1.2156187684418D-01  4.603D-04
  117.300000   -1.2116022679764D-01  4.587D-04
  117.400000   -1.2076028724468D-01  4.572D-04
  117.500000   -1.2036204965160D-01  4.556D-04
  117.600000   -1.1996550553178D-01  4.541D-04
  117.700000   -1.1957064644549D-01  4.525D-04
  117.800000   -1.1917746399958D-01  4.510D-04
  117.900000   -1.1878594984720D-01  4.495D-04
  118.000000   -1.1839609568754D-01  4.479D-04
  118.100000   -1.1800789326555D-01  4.464D-04
  118.200000   -1.1762133437168D-01  4.449D-04
  118.300000   -1.1723641084160D-01  4.434D-04
  118.400000   -1.1685311455593D-01  4.419D-04
  118.500000   -1.1647143744001D-01  4.404D-04
  118.600000   -1.1609137146360D-01  4.389D-04
  118.700000   -1.1571290864061D-01  4.374D-04
  118.800000   -1.1533604102890D-01  4.360D-04
  118.900000   -1.1496076072995D-01  4.345D-04
  119.000000   -1.1458705988866D-01  4.330D-04
  119.100000   -1.1421493069305D-01  4.316D-04
  119.200000   -1.1384436537404D-01  4.301D-04
  119.300000   -1.1347535620519D-01  4.287D-04
  119.400000   -1.1310789550244D-01  4.272D-04
  119.500000   -1.1274197562386D-01  4.258D-04
  119.600000   -1.1237758896941D-01  4.244D-04
  119.700000   -1.1201472798072D-01  4.230D-04
  119.800000   -1.1165338514078D-01  4.215D-04
  119.900000   -1.1129355297376D-01  4.201D-04
  120.000000   -1.1093522404474D-01  4.187D-04
  120.100000   -1.1057839095949D-01  4.173D-04
  120.200000   -1.1022304636418D-01  4.159D-04
  120.300000   -1.0986918294523D-01  4.146D-04
  120.400000   -1.0951679342898D-01  4.132D-04
  120.500000   -1.0916587058152D-01  4.118D-04
  120.600000   -1.0881640720846D-01  4.104D-04
  120.700000   -1.0846839615463D-01  4.091D-04
  120.800000   -1.0812183030393D-01  4.077D-04
  120.900000   -1.0777670257907D-01  4.064D-04
  121.000000   -1.0743300594133D-01  4.050D-04
  121.100000   -1.0709073339036D-01  4.037D-04
  121.200000   -1.0674987796392D-01  4.023D-04
  121.300000   -1.0641043273770D-01  4.010D-04
  121.400000   -1.0607239082507D-01  3.997D-04
  121.500000   -1.0573574537687D-01  3.984D-04
  121.600000   -1.0540048958120D-01  3.970D-04
  121.700000   -1.0506661666318D-01  3.957D-04
  121.800000   -1.0473411988474D-01  3.944D-04
  121.900000   -1.0440299254443D-01  3.931D-04
  122.000000   -1.0407322797717D-01  3.918D-04
  122.100000   -1.0374481955406D-01  3.905D-04
  122.200000   -1.0341776068218D-01  3.893D-04
  122.300000   -1.0309204480436D-01  3.880D-04
  122.400000   -1.0276766539895D-01  3.867D-04
  122.500000   -1.0244461597967D-01  3.854D-04
  122.600000   -1.0212289009538D-01  3.842D-04
  122.700000   -1.0180248132984D-01  3.829D-04
  122.800000   -1.0148338330155D-01  3.817D-04
  122.900000   -1.0116558966355D-01  3.804D-04
  123.000000   -1.0084909410318D-01  3.792D-04
  123.100000   -1.0053389034192D-01  3.779D-04
  123.200000   -1.0021997213517D-01  3.767D-04
  123.300000   -9.9907333272062D-02  3.755D-04
  123.400000   -9.9595967575253D-02  3.742D-04
  123.500000   -9.9285868900746D-02  3.730D-04
  123.600000   -9.8977031137685D-02  3.718D-04
  123.700000   -9.8669448208169D-02  3.706D-04
  123.800000   -9.8363114067054D-02  3.694D-04
  123.900000   -9.8058022701769D-02  3.682D-04
  124.000000   -9.7754168132125D-02  3.670D-04
  124.100000   -9.7451544410127D-02  3.658D-04
  124.200000   -9.7150145619787D-02  3.646D-04
  124.300000   -9.6849965876940D-02  3.634D-04
  124.400000   -9.6550999329057D-02  3.623D-04
  124.500000   -9.6253240155066D-02  3.611D-04
  124.600000   -9.5956682565165D-02  3.599D-04
  124.700000   -9.5661320800645D-02  3.588D-04
  124.800000   -9.5367149133708D-02  3.576D-04
  124.900000   -9.5074161867288D-02  3.565D-04
  125.000000   -9.4782353334874D-02  3.553D-04
  125.100000   -9.4491717900334D-02  3.542D-04
  125.200000   -9.4202249957738D-02  3.530D-04
  125.300000   -9.3913943931185D-02  3.519D-04
  125.400000   -9.3626794274626D-02  3.508D-04
  125.500000   -9.3340795471698D-02  3.496D-04
  125.600000   -9.3055942035546D-02  3.485D-04
  125.700000   -9.2772228508657D-02  3.474D-04
  125.800000   -9.2489649462687D-02  3.463D-04
  125.900000   -9.2208199498299D-02  3.452D-04
  126.000000   -9.1927873244987D-02  3.441D-04
  126.100000   -9.1648665360918D-02  3.430D-04
  126.200000   -9.1370570532761D-02  3.419D-04
  126.300000   -9.1093583475526D-02  3.408D-04
  126.400000   -9.0817698932401D-02  3.397D-04
  126.500000   -9.0542911674584D-02  3.386D-04
  126.600000   -9.0269216501131D-02  3.376D-04
  126.700000   -8.9996608238789D-02  3.365D-04
  126.800000   -8.9725081741838D-02  3.354D-04
  126.900000   -8.9454631891934D-02  3.344D-04
  127.000000   -8.9185253597949D-02  3.333D-04
  127.100000   -8.8916941795821D-02  3.322D-04
  127.200000   -8.8649691448388D-02  3.312D-04
  127.300000   -8.8383497545243D-02  3.301D-04
  127.400000   -8.8118355102575D-02  3.291D-04
  127.500000   -8.7854259163018D-02  3.281D-04
  127.600000   -8.7591204795500D-02  3.270D-04
  127.700000   -8.7329187095090D-02  3.260D-04
  127.800000   -8.7068201182851D-02  3.250D-04
  127.900000   -8.6808242205688D-02  3.239D-04
  128.000000   -8.6549305336201D-02  3.229D-04
  128.100000   -8.6291385772537D-02  3.219D-04
  128.200000   -8.6034478738246D-02  3.209D-04
  128.300000   -8.5778579482134D-02  3.199D-04
  128.400000   -8.5523683278116D-02  3.189D-04
  128.500000   -8.5269785425078D-02  3.179D-04
  128.600000   -8.5016881246728D-02  3.169D-04
  128.700000   -8.4764966091458D-02  3.159D-04
  128.800000   -8.4514035332201D-02  3.149D-04
  128.900000   -8.4264084366290D-02  3.139D-04
  129.000000   -8.4015108615324D-02  3.129D-04
  129.100000   -8.3767103525020D-02  3.120D-04
  129.200000   -8.3520064565082D-02  3.110D-04
  129.300000   -8.3273987229065D-02  3.100D-04
  129.400000   -8.3028867034233D-02  3.091D-04
  129.500000   -8.2784699521428D-02  3.081D-04
  129.600000   -8.2541480254935D-02  3.071D-04
  129.700000   -8.2299204822347D-02  3.062D-04
  129.800000   -8.2057868834433D-02  3.052D-04
  129.900000   -8.1817467925006D-02  3.043D-04
  130.000000   -8.1577997750791D-02  3.034D-04
  130.100000   -8.1339453991297D-02  3.024D-04
  130.200000   -8.1101832348681D-02  3.015D-04
  130.300000   -8.0865128547627D-02  3.005D-04
  130.400000   -8.0629338335213D-02  2.996D-04
  130.500000   -8.0394457480786D-02  2.987D-04
  130.600000   -8.0160481775830D-02  2.978D-04
  130.700000   -7.9927407033848D-02  2.969D-04
  130.800000   -7.9695229090233D-02  2.959D-04
  130.900000   -7.9463943802143D-02  2.950D-04
  131.000000   -7.9233547048377D-02  2.941D-04
  131.100000   -7.9004034729255D-02  2.932D-04
  131.200000   -7.8775402766492D-02  2.923D-04
  131.300000   -7.8547647103082D-02  2.914D-04
  131.400000   -7.8320763703170D-02  2.905D-04
  131.500000   -7.8094748551939D-02  2.896D-04
  131.600000   -7.7869597655487D-02  2.888D-04
  131.700000   -7.7645307040709D-02  2.879D-04
  131.800000   -7.7421872755180D-02  2.870D-04
  131.900000   -7.7199290867036D-02  2.861D-04
  132.000000   -7.6977557464861D-02  2.852D-04
  132.100000   -7.6756668657568D-02  2.844D-04
  132.200000   -7.6536620574286D-02  2.835D-04
  132.300000   -7.6317409364243D-02  2.826D-04
  132.400000   -7.6099031196656D-02  2.818D-04
  132.500000   -7.5881482260618D-02  2.809D-04
  132.600000   -7.5664758764979D-02  2.801D-04
  132.700000   -7.5448856938244D-02  2.792D-04
  132.800000   -7.5233773028455D-02  2.784D-04
  132.900000   -7.5019503303084D-02  2.775D-04
  133.000000   -7.4806044048923D-02  2.767D-04
  133.100000   -7.4593391571974D-02  2.759D-04
  133.200000   -7.4381542197340D-02  2.750D-04
  133.300000   -7.4170492269121D-02  2.742D-04
  133.400000   -7.3960238150302D-02  2.734D-04
  133.500000   -7.3750776222652D-02  2.725D-04
  133.600000   -7.3542102886612D-02  2.717D-04
  133.700000   -7.3334214561196D-02  2.709D-04
  133.800000   -7.3127107683882D-02  2.701D-04
  133.900000   -7.2920778710511D-02  2.693D-04
  134.000000   -7.2715224115182D-02  2.685D-04
  134.100000   -7.2510440390150D-02  2.677D-04
  134.200000   -7.2306424045723D-02  2.669D-04
  134.300000   -7.2103171610164D-02  2.661D-04
  134.400000   -7.1900679629586D-02  2.653D-04
  134.500000   -7.1698944667852D-02  2.645D-04
  134.600000   -7.1497963306480D-02  2.637D-04
  134.700000   -7.1297732144539D-02  2.629D-04
  134.800000   -7.1098247798551D-02  2.621D-04
  134.900000   -7.0899506902398D-02  2.613D-04
  135.000000   -7.0701506107219D-02  2.606D-04
  135.100000   -7.0504242081316D-02  2.598D-04
  135.200000   -7.0307711510056D-02  2.590D-04
  135.300000   -7.0111911095779D-02  2.582D-04
  135.400000   -6.9916837557701D-02  2.575D-04
  135.500000   -6.9722487631817D-02  2.567D-04
  135.600000   -6.9528858070813D-02  2.559D-04
  135.700000   -6.9335945643966D-02  2.552D-04
  135.800000   -6.9143747137057D-02  2.544D-04
  135.900000   -6.8952259352276D-02  2.537D-04
  136.000000   -6.8761479108130D-02  2.529D-04
  136.100000   -6.8571403239352D-02  2.522D-04
  136.200000   -6.8382028596814D-02  2.514D-04
  136.300000   -6.8193352047432D-02  2.507D-04
  136.400000   -6.8005370474078D-02  2.500D-04
  136.500000   -6.7818080775493D-02  2.492D-04
  136.600000   -6.7631479866197D-02  2.485D-04
  136.700000   -6.7445564676400D-02  2.478D-04
  136.800000   -6.7260332151919D-02  2.470D-04
  136.900000   -6.7075779254084D-02  2.463D-04
  137.000000   -6.6891902959659D-02  2.456D-04
  137.100000   -6.6708700260752D-02  2.449D-04
  137.200000   -6.6526168164729D-02  2.442D-04
  137.300000   -6.6344303694133D-02  2.434D-04
  137.400000   -6.6163103886596D-02  2.427D-04
  137.500000   -6.5982565794756D-02  2.420D-04
  137.600000   -6.5802686486177D-02  2.413D-04
  137.700000   -6.5623463043259D-02  2.406D-04
  137.800000   -6.5444892563165D-02  2.399D-04
  137.900000   -6.5266972157730D-02  2.392D-04
  138.000000   -6.5089698953386D-02  2.385D-04
  138.100000   -6.4913070091078D-02  2.378D-04
  138.200000   -6.4737082726185D-02  2.371D-04
  138.300000   -6.4561734028440D-02  2.364D-04
  138.400000   -6.4387021181849D-02  2.358D-04
  138.500000   -6.4212941384613D-02  2.351D-04
  138.600000   -6.4039491849051D-02  2.344D-04
  138.700000   -6.3866669801519D-02  2.337D-04
  138.800000   -6.3694472482334D-02  2.330D-04
  138.900000   -6.3522897145697D-02  2.324D-04
  139.000000   -6.3351941059616D-02  2.317D-04
  139.100000   -6.3181601505830D-02  2.310D-04
  139.200000   -6.3011875779732D-02  2.304D-04
  139.300000   -6.2842761190294D-02  2.297D-04
  139.400000   -6.2674255059996D-02  2.290D-04
  139.500000   -6.2506354724744D-02  2.284D-04
  139.600000   -6.2339057533803D-02  2.277D-04
  139.700000   -6.2172360849719D-02  2.271D-04
  139.800000   -6.2006262048248D-02  2.264D-04
  139.900000   -6.1840758518283D-02  2.258D-04
  140.000000   -6.1675847661780D-02  2.251D-04
  140.100000   -6.1511526893689D-02  2.245D-04
  140.200000   -6.1347793641880D-02  2.238D-04
  140.300000   -6.1184645347074D-02  2.232D-04
  140.400000   -6.1022079462770D-02  2.226D-04
  140.500000   -6.0860093455176D-02  2.219D-04
  140.600000   -6.0698684803142D-02  2.213D-04
  140.700000   -6.0537850998084D-02  2.207D-04
  140.800000   -6.0377589543921D-02  2.201D-04
  140.900000   -6.0217897957007D-02  2.194D-04
  141.000000   -6.0058773766054D-02  2.188D-04
  141.100000   -5.9900214512076D-02  2.182D-04
  141.200000   -5.9742217748314D-02  2.176D-04
  141.300000   -5.9584781040171D-02  2.169D-04
  141.400000   -5.9427901965145D-02  2.163D-04
  141.500000   -5.9271578112765D-02  2.157D-04
  141.600000   -5.9115807084521D-02  2.151D-04
  141.700000   -5.8960586493804D-02  2.145D-04
  141.800000   -5.8805913965836D-02  2.139D-04
  141.900000   -5.8651787137607D-02  2.133D-04
  142.000000   -5.8498203657813D-02  2.127D-04
  142.100000   -5.8345161186788D-02  2.121D-04
  142.200000   -5.8192657396445D-02  2.115D-04
  142.300000   -5.8040689970208D-02  2.109D-04
  142.400000   -5.7889256602954D-02  2.103D-04
  142.500000   -5.7738355000946D-02  2.097D-04
  142.600000   -5.7587982881774D-02  2.091D-04
  142.700000   -5.7438137974294D-02  2.086D-04
  142.800000   -5.7288818018562D-02  2.080D-04
  142.900000   -5.7140020765780D-02  2.074D-04
  143.000000   -5.6991743978229D-02  2.068D-04
  143.100000   -5.6843985429210D-02  2.062D-04
  143.200000   -5.6696742902988D-02  2.057D-04
  143.300000   -5.6550014194730D-02  2.051D-04
  143.400000   -5.6403797110443D-02  2.045D-04
  143.500000   -5.6258089466918D-02  2.039D-04
  143.600000   -5.6112889091674D-02  2.034D-04
  143.700000   -5.5968193822894D-02  2.028D-04
  143.800000   -5.5824001509370D-02  2.023D-04
  143.900000   -5.5680310010448D-02  2.017D-04
  144.000000   -5.5537117195967D-02  2.011D-04
  144.100000   -5.5394420946201D-02  2.006D-04
  144.200000   -5.5252219151809D-02  2.000D-04
  144.300000   -5.5110509713772D-02  1.995D-04
  144.400000   -5.4969290543341D-02  1.989D-04
  144.500000   -5.4828559561979D-02  1.984D-04
  144.600000   -5.4688314701310D-02  1.978D-04
  144.700000   -5.4548553903059D-02  1.973D-04
  144.800000   -5.4409275118999D-02  1.967D-04
  144.900000   -5.4270476310898D-02  1.962D-04
  145.000000   -5.4132155450466D-02  1.957D-04
  145.100000   -5.3994310519297D-02  1.951D-04
  145.200000   -5.3856939508821D-02  1.946D-04
  145.300000   -5.3720040420246D-02  1.940D-04
  145.400000   -5.3583611264510D-02  1.935D-04
  145.500000   -5.3447650062224D-02  1.930D-04
  145.600000   -5.3312154843624D-02  1.925D-04
  145.700000   -5.3177123648516D-02  1.919D-04
  145.800000   -5.3042554526227D-02  1.914D-04
  145.900000   -5.2908445535552D-02  1.909D-04
  146.000000   -5.2774794744704D-02  1.904D-04
  146.100000   -5.2641600231262D-02  1.898D-04
  146.200000   -5.2508860082123D-02  1.893D-04
  146.300000   -5.2376572393452D-02  1.888D-04
  146.400000   -5.2244735270628D-02  1.883D-04
  146.500000   -5.2113346828199D-02  1.878D-04
  146.600000   -5.1982405189832D-02  1.873D-04
  146.700000   -5.1851908488263D-02  1.868D-04
  146.800000   -5.1721854865248D-02  1.863D-04
  146.900000   -5.1592242471517D-02  1.858D-04
  147.000000   -5.1463069466724D-02  1.853D-04
  147.100000   -5.1334334019399D-02  1.848D-04
  147.200000   -5.1206034306903D-02  1.843D-04
  147.300000   -5.1078168515377D-02  1.838D-04
  147.400000   -5.0950734839698D-02  1.833D-04
  147.500000   -5.0823731483431D-02  1.828D-04
  147.600000   -5.0697156658785D-02  1.823D-04
  147.700000   -5.0571008586562D-02  1.818D-04
  147.800000   -5.0445285496115D-02  1.813D-04
  147.900000   -5.0319985625302D-02  1.808D-04
  148.000000   -5.0195107220440D-02  1.803D-04
  148.100000   -5.0070648536259D-02  1.799D-04
  148.200000   -4.9946607835858D-02  1.794D-04
  148.300000   -4.9822983390662D-02  1.789D-04
  148.400000   -4.9699773480375D-02  1.784D-04
  148.500000   -4.9576976392937D-02  1.779D-04
  148.600000   -4.9454590424481D-02  1.775D-04
  148.700000   -4.9332613879289D-02  1.770D-04
  148.800000   -4.9211045069746D-02  1.765D-04
  148.900000   -4.9089882316303D-02  1.761D-04
  149.000000   -4.8969123947428D-02  1.756D-04
  149.100000   -4.8848768299566D-02  1.751D-04
  149.200000   -4.8728813717099D-02  1.747D-04
  149.300000   -4.8609258552299D-02  1.742D-04
  149.400000   -4.8490101165291D-02  1.737D-04
  149.500000   -4.8371339924005D-02  1.733D-04
  149.600000   -4.8252973204145D-02  1.728D-04
  149.700000   -4.8134999389136D-02  1.723D-04
  149.800000   -4.8017416870091D-02  1.719D-04
  149.900000   -4.7900224045769D-02  1.714D-04
  150.000000   -4.7783419322532D-02  1.710D-04
  150.100000   -4.7667001114308D-02  1.705D-04
  150.200000   -4.7550967842547D-02  1.701D-04
  150.300000   -4.7435317936186D-02  1.696D-04
  150.400000   -4.7320049831607D-02  1.692D-04
  150.500000   -4.7205161972598D-02  1.687D-04
  150.600000   -4.7090652810312D-02  1.683D-04
  150.700000   -4.6976520803231D-02  1.679D-04
  150.800000   -4.6862764417128D-02  1.674D-04
  150.900000   -4.6749382125026D-02  1.670D-04
  151.000000   -4.6636372407159D-02  1.665D-04
  151.100000   -4.6523733750938D-02  1.661D-04
  151.200000   -4.6411464650912D-02  1.657D-04
  151.300000   -4.6299563608726D-02  1.652D-04
  151.400000   -4.6188029133090D-02  1.648D-04
  151.500000   -4.6076859739739D-02  1.644D-04
  151.600000   -4.5966053951396D-02  1.640D-04
  151.700000   -4.5855610297734D-02  1.635D-04
  151.800000   -4.5745527315343D-02  1.631D-04
  151.900000   -4.5635803547692D-02  1.627D-04
  152.000000   -4.5526437545091D-02  1.623D-04
  152.100000   -4.5417427864658D-02  1.618D-04
  152.200000   -4.5308773070282D-02  1.614D-04
  152.300000   -4.5200471732587D-02  1.610D-04
  152.400000   -4.5092522428899D-02  1.606D-04
  152.500000   -4.4984923743210D-02  1.602D-04
  152.600000   -4.4877674266139D-02  1.598D-04
  152.700000   -4.4770772594905D-02  1.593D-04
  152.800000   -4.4664217333285D-02  1.589D-04
  152.900000   -4.4558007091587D-02  1.585D-04
  153.000000   -4.4452140486608D-02  1.581D-04
  153.100000   -4.4346616141608D-02  1.577D-04
  153.200000   -4.4241432686269D-02  1.573D-04
  153.300000   -4.4136588756669D-02  1.569D-04
  153.400000   -4.4032082995242D-02  1.565D-04
  153.500000   -4.3927914050747D-02  1.561D-04
  153.600000   -4.3824080578237D-02  1.557D-04
  153.700000   -4.3720581239027D-02  1.553D-04
  153.800000   -4.3617414700656D-02  1.549D-04
  153.900000   -4.3514579636858D-02  1.545D-04
  154.000000   -4.3412074727533D-02  1.541D-04
  154.100000   -4.3309898658709D-02  1.537D-04
  154.200000   -4.3208050122514D-02  1.533D-04
  154.300000   -4.3106527817142D-02  1.529D-04
  154.400000   -4.3005330446825D-02  1.525D-04
  154.500000   -4.2904456721798D-02  1.522D-04
  154.600000   -4.2803905358269D-02  1.518D-04
  154.700000   -4.2703675078389D-02  1.514D-04
  154.800000   -4.2603764610222D-02  1.510D-04
  154.900000   -4.2504172687711D-02  1.506D-04
  155.000000   -4.2404898050651D-02  1.502D-04
  155.100000   -4.2305939444656D-02  1.499D-04
  155.200000   -4.2207295621131D-02  1.495D-04
  155.300000   -4.2108965337241D-02  1.491D-04
  155.400000   -4.2010947355883D-02  1.487D-04
  155.500000   -4.1913240445653D-02  1.483D-04
  155.600000   -4.1815843380820D-02  1.480D-04
  155.700000   -4.1718754941294D-02  1.476D-04
  155.800000   -4.1621973912599D-02  1.472D-04
  155.900000   -4.1525499085844D-02  1.469D-04
  156.000000   -4.1429329257693D-02  1.465D-04
  156.100000   -4.1333463230336D-02  1.461D-04
  156.200000   -4.1237899811463D-02  1.458D-04
  156.300000   -4.1142637814232D-02  1.454D-04
  156.400000   -4.1047676057245D-02  1.450D-04
  156.500000   -4.0953013364518D-02  1.447D-04
  156.600000   -4.0858648565452D-02  1.443D-04
  156.700000   -4.0764580494808D-02  1.439D-04
  156.800000   -4.0670807992677D-02  1.436D-04
  156.900000   -4.0577329904455D-02  1.432D-04
  157.000000   -4.0484145080813D-02  1.429D-04
  157.100000   -4.0391252377672D-02  1.425D-04
  157.200000   -4.0298650656177D-02  1.422D-04
  157.300000   -4.0206338782667D-02  1.418D-04
  157.400000   -4.0114315628651D-02  1.414D-04
  157.500000   -4.0022580070780D-02  1.411D-04
  157.600000   -3.9931130990824D-02  1.407D-04
  157.700000   -3.9839967275640D-02  1.404D-04
  157.800000   -3.9749087817152D-02  1.400D-04
  157.900000   -3.9658491512321D-02  1.397D-04
  158.000000   -3.9568177263122D-02  1.394D-04
  158.100000   -3.9478143976515D-02  1.390D-04
  158.200000   -3.9388390564424D-02  1.387D-04
  158.300000   -3.9298915943708D-02  1.383D-04
  158.400000   -3.9209719036139D-02  1.380D-04
  158.500000   -3.9120798768373D-02  1.376D-04
  158.600000   -3.9032154071928D-02  1.373D-04
  158.700000   -3.8943783883161D-02  1.370D-04
  158.800000   -3.8855687143237D-02  1.366D-04
  158.900000   -3.8767862798113D-02  1.363D-04
  159.000000   -3.8680309798505D-02  1.360D-04
  159.100000   -3.8593027099871D-02  1.356D-04
  159.200000   -3.8506013662383D-02  1.353D-04
  159.300000   -3.8419268450905D-02  1.350D-04
  159.400000   -3.8332790434966D-02  1.346D-04
  159.500000   -3.8246578588741D-02  1.343D-04
  159.600000   -3.8160631891023D-02  1.340D-04
  159.700000   -3.8074949325205D-02  1.337D-04
  159.800000   -3.7989529879249D-02  1.333D-04
  159.900000   -3.7904372545671D-02  1.330D-04
  160.000000   -3.7819476321512D-02  1.327D-04
  160.100000   -3.7734840208318D-02  1.324D-04
  160.200000   -3.7650463212116D-02  1.320D-04
  160.300000   -3.7566344343394D-02  1.317D-04
  160.400000   -3.7482482617075D-02  1.314D-04
  160.500000   -3.7398877052495D-02  1.311D-04
  160.600000   -3.7315526673383D-02  1.308D-04
  160.700000   -3.7232430507839D-02  1.304D-04
  160.800000   -3.7149587588308D-02  1.301D-04
  160.900000   -3.7066996951561D-02  1.298D-04
  161.000000   -3.6984657638675D-02  1.295D-04
  161.100000   -3.6902568695008D-02  1.292D-04
  161.200000   -3.6820729170178D-02  1.289D-04
  161.300000   -3.6739138118044D-02  1.286D-04
  161.400000   -3.6657794596682D-02  1.283D-04
  161.500000   -3.6576697668364D-02  1.279D-04
  161.600000   -3.6495846399540D-02  1.276D-04
  161.700000   -3.6415239860812D-02  1.273D-04
  161.800000   -3.6334877126918D-02  1.270D-04
  161.900000   -3.6254757276710D-02  1.267D-04
  162.000000   -3.6174879393129D-02  1.264D-04
  162.100000   -3.6095242563191D-02  1.261D-04
  162.200000   -3.6015845877964D-02  1.258D-04
  162.300000   -3.5936688432546D-02  1.255D-04
  162.400000   -3.5857769326047D-02  1.252D-04
  162.500000   -3.5779087661567D-02  1.249D-04
  162.600000   -3.5700642546179D-02  1.246D-04
  162.700000   -3.5622433090907D-02  1.243D-04
  162.800000   -3.5544458410706D-02  1.240D-04
  162.900000   -3.5466717624444D-02  1.237D-04
  163.000000   -3.5389209854881D-02  1.234D-04
  163.100000   -3.5311934228649D-02  1.231D-04
  163.200000   -3.5234889876237D-02  1.229D-04
  163.300000   -3.5158075931966D-02  1.226D-04
  163.400000   -3.5081491533973D-02  1.223D-04
  163.500000   -3.5005135824193D-02  1.220D-04
  163.600000   -3.4929007948337D-02  1.217D-04
  163.700000   -3.4853107055875D-02  1.214D-04
  163.800000   -3.4777432300019D-02  1.211D-04
  163.900000   -3.4701982837702D-02  1.208D-04
  164.000000   -3.4626757829559D-02  1.205D-04
  164.100000   -3.4551756439910D-02  1.203D-04
  164.200000   -3.4476977836743D-02  1.200D-04
  164.300000   -3.4402421191693D-02  1.197D-04
  164.400000   -3.4328085680027D-02  1.194D-04
  164.500000   -3.4253970480622D-02  1.191D-04
  164.600000   -3.4180074775951D-02  1.189D-04
  164.700000   -3.4106397752063D-02  1.186D-04
  164.800000   -3.4032938598566D-02  1.183D-04
  164.900000   -3.3959696508610D-02  1.180D-04
  165.000000   -3.3886670678869D-02  1.178D-04
  165.100000   -3.3813860309522D-02  1.175D-04
  165.200000   -3.3741264604238D-02  1.172D-04
  165.300000   -3.3668882770159D-02  1.169D-04
  165.400000   -3.3596714017880D-02  1.167D-04
  165.500000   -3.3524757561434D-02  1.164D-04
  165.600000   -3.3453012618278D-02  1.161D-04
  165.700000   -3.3381478409268D-02  1.158D-04
  165.800000   -3.3310154158651D-02  1.156D-04
  165.900000   -3.3239039094044D-02  1.153D-04
  166.000000   -3.3168132446416D-02  1.150D-04
  166.100000   -3.3097433450075D-02  1.148D-04
  166.200000   -3.3026941342652D-02  1.145D-04
  166.300000   -3.2956655365079D-02  1.142D-04
  166.400000   -3.2886574761579D-02  1.140D-04
  166.500000   -3.2816698779648D-02  1.137D-04
  166.600000   -3.2747026670037D-02  1.134D-04
  166.700000   -3.2677557686738D-02  1.132D-04
  166.800000   -3.2608291086967D-02  1.129D-04
  166.900000   -3.2539226131151D-02  1.127D-04
  167.000000   -3.2470362082907D-02  1.124D-04
  167.100000   -3.2401698209031D-02  1.121D-04
  167.200000   -3.2333233779483D-02  1.119D-04
  167.300000   -3.2264968067366D-02  1.116D-04
  167.400000   -3.2196900348916D-02  1.114D-04
  167.500000   -3.2129029903484D-02  1.111D-04
  167.600000   -3.2061356013524D-02  1.109D-04
  167.700000   -3.1993877964573D-02  1.106D-04
  167.800000   -3.1926595045238D-02  1.104D-04
  167.900000   -3.1859506547185D-02  1.101D-04
  168.000000   -3.1792611765118D-02  1.099D-04
  168.100000   -3.1725909996766D-02  1.096D-04
  168.200000   -3.1659400542873D-02  1.094D-04
  168.300000   -3.1593082707174D-02  1.091D-04
  168.400000   -3.1526955796392D-02  1.089D-04
  168.500000   -3.1461019120213D-02  1.086D-04
  168.600000   -3.1395271991277D-02  1.084D-04
  168.700000   -3.1329713725164D-02  1.081D-04
  168.800000   -3.1264343640378D-02  1.079D-04
  168.900000   -3.1199161058332D-02  1.076D-04
  169.000000   -3.1134165303337D-02  1.074D-04
  169.100000   -3.1069355702585D-02  1.071D-04
  169.200000   -3.1004731586137D-02  1.069D-04
  169.300000   -3.0940292286906D-02  1.067D-04
  169.400000   -3.0876037140649D-02  1.064D-04
  169.500000   -3.0811965485948D-02  1.062D-04
  169.600000   -3.0748076664197D-02  1.059D-04
  169.700000   -3.0684370019592D-02  1.057D-04
  169.800000   -3.0620844899113D-02  1.055D-04
  169.900000   -3.0557500652513D-02  1.052D-04
  170.000000   -3.0494336632306D-02  1.050D-04
  170.100000   -3.0431352193749D-02  1.048D-04
  170.200000   -3.0368546694834D-02  1.045D-04
  170.300000   -3.0305919496271D-02  1.043D-04
  170.400000   -3.0243469961477D-02  1.040D-04
  170.500000   -3.0181197456564D-02  1.038D-04
  170.600000   -3.0119101350321D-02  1.036D-04
  170.700000   -3.0057181014207D-02  1.033D-04
  170.800000   -2.9995435822336D-02  1.031D-04
  170.900000   -2.9933865151463D-02  1.029D-04
  171.000000   -2.9872468380973D-02  1.027D-04
  171.100000   -2.9811244892867D-02  1.024D-04
  171.200000   -2.9750194071750D-02  1.022D-04
  171.300000   -2.9689315304820D-02  1.020D-04
  171.400000   -2.9628607981854D-02  1.017D-04
  171.500000   -2.9568071495194D-02  1.015D-04
  171.600000   -2.9507705239740D-02  1.013D-04
  171.700000   -2.9447508612931D-02  1.011D-04
  171.800000   -2.9387481014739D-02  1.008D-04
  171.900000   -2.9327621847653D-02  1.006D-04
  172.000000   -2.9267930516669D-02  1.004D-04
  172.100000   -2.9208406429275D-02  1.002D-04
  172.200000   -2.9149048995444D-02  9.996D-05
  172.300000   -2.9089857627618D-02  9.974D-05
  172.400000   -2.9030831740698D-02  9.952D-05
  172.500000   -2.8971970752033D-02  9.930D-05
  172.600000   -2.8913274081406D-02  9.908D-05
  172.700000   -2.8854741151023D-02  9.886D-05
  172.800000   -2.8796371385505D-02  9.864D-05
  172.900000   -2.8738164211872D-02  9.843D-05
  173.000000   -2.8680119059533D-02  9.821D-05
  173.100000   -2.8622235360276D-02  9.799D-05
  173.200000   -2.8564512548256D-02  9.778D-05
  173.300000   -2.8506950059982D-02  9.757D-05
  173.400000   -2.8449547334308D-02  9.735D-05
  173.500000   -2.8392303812422D-02  9.714D-05
  173.600000   -2.8335218937834D-02  9.693D-05
  173.700000   -2.8278292156364D-02  9.671D-05
  173.800000   -2.8221522916133D-02  9.650D-05
  173.900000   -2.8164910667551D-02  9.629D-05
  174.000000   -2.8108454863308D-02  9.608D-05
  174.100000   -2.8052154958361D-02  9.587D-05
  174.200000   -2.7996010409922D-02  9.566D-05
  174.300000   -2.7940020677452D-02  9.546D-05
  174.400000   -2.7884185222646D-02  9.525D-05
  174.500000   -2.7828503509427D-02  9.504D-05
  174.600000   -2.7772975003930D-02  9.484D-05
  174.700000   -2.7717599174495D-02  9.463D-05
  174.800000   -2.7662375491656D-02  9.443D-05
  174.900000   -2.7607303428132D-02  9.422D-05
  175.000000   -2.7552382458813D-02  9.402D-05
  175.100000   -2.7497612060754D-02  9.381D-05
  175.200000   -2.7442991713162D-02  9.361D-05
  175.300000   -2.7388520897387D-02  9.341D-05
  175.400000   -2.7334199096913D-02  9.321D-05
  175.500000   -2.7280025797344D-02  9.301D-05
  175.600000   -2.7226000486400D-02  9.281D-05
  175.700000   -2.7172122653902D-02  9.261D-05
  175.800000   -2.7118391791765D-02  9.241D-05
  175.900000   -2.7064807393987D-02  9.221D-05
  176.000000   -2.7011368956638D-02  9.201D-05
  176.100000   -2.6958075977855D-02  9.181D-05
  176.200000   -2.6904927957826D-02  9.162D-05
  176.300000   -2.6851924398786D-02  9.142D-05
  176.400000   -2.6799064805003D-02  9.123D-05
  176.500000   -2.6746348682772D-02  9.103D-05
  176.600000   -2.6693775540404D-02  9.084D-05
  176.700000   -2.6641344888215D-02  9.064D-05
  176.800000   -2.6589056238522D-02  9.045D-05
  176.900000   -2.6536909105625D-02  9.026D-05
  177.000000   -2.6484903005806D-02  9.006D-05
  177.100000   -2.6433037457316D-02  8.987D-05
  177.200000   -2.6381311980367D-02  8.968D-05
  177.300000   -2.6329726097121D-02  8.949D-05
  177.400000   -2.6278279331682D-02  8.930D-05
  177.500000   -2.6226971210089D-02  8.911D-05
  177.600000   -2.6175801260302D-02  8.892D-05
  177.700000   -2.6124769012201D-02  8.873D-05
  177.800000   -2.6073873997568D-02  8.855D-05
  177.900000   -2.6023115750084D-02  8.836D-05
  178.000000   -2.5972493805320D-02  8.817D-05
  178.100000   -2.5922007700725D-02  8.798D-05
  178.200000   -2.5871656975621D-02  8.780D-05
  178.300000   -2.5821441171191D-02  8.761D-05
  178.400000   -2.5771359830474D-02  8.743D-05
  178.500000   -2.5721412498353D-02  8.724D-05
  178.600000   -2.5671598721548D-02  8.706D-05
  178.700000   -2.5621918048607D-02  8.688D-05
  178.800000   -2.5572370029901D-02  8.670D-05
  178.900000   -2.5522954217609D-02  8.651D-05
  179.000000   -2.5473670165714D-02  8.633D-05
  179.100000   -2.5424517429996D-02  8.615D-05
  179.200000   -2.5375495568019D-02  8.597D-05
  179.300000   -2.5326604139128D-02  8.579D-05
  179.400000   -2.5277842704437D-02  8.561D-05
  179.500000   -2.5229210826821D-02  8.543D-05
  179.600000   -2.5180708070911D-02  8.525D-05
  179.700000   -2.5132334003084D-02  8.508D-05
  179.800000   -2.5084088191452D-02  8.490D-05
  179.900000   -2.5035970205862D-02  8.472D-05
  180.000000   -2.4987979617878D-02  8.454D-05
  180.100000   -2.4940116000782D-02  8.437D-05
  180.200000   -2.4892378929560D-02  8.419D-05
  180.300000   -2.4844767980897D-02  8.402D-05
  180.400000   -2.4797282733169D-02  8.384D-05
  180.500000   -2.4749922766436D-02  8.367D-05
  180.600000   -2.4702687662431D-02  8.350D-05
  180.700000   -2.4655577004556D-02  8.332D-05
  180.800000   -2.4608590377874D-02  8.315D-05
  180.900000   -2.4561727369098D-02  8.298D-05
  181.000000   -2.4514987566587D-02  8.281D-05
  181.100000   -2.4468370560339D-02  8.264D-05
  181.200000   -2.4421875941980D-02  8.247D-05
  181.300000   -2.4375503304759D-02  8.230D-05
