
 For  Li(  6) - Li(  6)
 ----------------------
   v       E            Bv           -Dv             Hv             Lv            Mv             Nv             Ov
 ====================================================================================================================
   0 -15202.6828  0.3103975711 -2.7414497D-05 -1.7545995D-09 -4.1173237D-13 -1.1676333D-16 -4.2017925D-20 -1.6997526D-23
   1 -15139.9702  0.2867335207 -2.8726948D-05 -2.2382076D-09 -6.7059849D-13 -2.5264184D-16 -1.1302460D-19 -5.5140084D-23
   2 -15084.8497  0.2630951411 -3.0562751D-05 -3.1601995D-09 -1.2060404D-12 -5.6835561D-16 -3.0845602D-19 -1.8242396D-22
   3 -15037.1138  0.2390412015 -3.3320651D-05 -4.8396491D-09 -2.3240337D-12 -1.3639611D-15 -9.1597710D-19 -6.7165013D-22
   4 -14996.6865  0.2140185598 -3.7590570D-05 -7.9545769D-09 -4.8579364D-12 -3.6437073D-15 -3.1318115D-18 -2.9471612D-21
   5 -14963.5937  0.1873256219 -4.4391650D-05 -1.4126301D-08 -1.1383175D-11 -1.1432511D-14 -1.3236815D-17 -1.6867813D-20
   6 -14937.9211  0.1580510815 -5.5683987D-05 -2.7756556D-08 -3.1565172D-11 -4.5816622D-14 -7.7574791D-17 -1.4575365D-19
   7 -14919.7237  0.1250691370 -7.5563206D-05 -6.3301054D-08 -1.1477746D-10 -2.7584726D-13 -7.8683266D-16 -2.5133877D-18
   8 -14908.7911  0.0874345349 -1.1373846D-04 -1.8939579D-07 -7.1097372D-10 -3.7067532D-12 -2.3225047D-14 -1.6363928D-16
   9 -14904.1153  0.0458827670 -2.1029889D-04 -1.2566516D-06 -1.8987831D-08 -4.0012421D-10 -1.0043687D-11 -2.8129723D-13

 For  Li(  7) - Li(  7)
 ----------------------
   v       E            Bv           -Dv             Hv             Lv            Mv             Nv             Ov
 ====================================================================================================================
   0 -15205.1452  0.2668680039 -2.0117067D-05 -1.0969499D-09 -2.1872057D-13 -5.2484479D-17 -1.6013441D-20 -5.5018855D-24
   1 -15146.5480  0.2480733185 -2.0991343D-05 -1.3643917D-09 -3.4065729D-13 -1.0696055D-16 -4.0102870D-20 -1.6407287D-23
   2 -15094.4857  0.2293288611 -2.2171097D-05 -1.8544768D-09 -5.8061620D-13 -2.2518945D-16 -1.0086087D-19 -4.9194748D-23
   3 -15048.7770  0.2103451802 -2.3878007D-05 -2.7101460D-09 -1.0505078D-12 -4.9796734D-16 -2.7014664D-19 -1.5987569D-22
   4 -15009.3409  0.1907644879 -2.6420682D-05 -4.2110932D-09 -2.0275551D-12 -1.1948502D-15 -8.0569899D-19 -5.9385702D-22
   5 -14976.1774  0.1701440208 -3.0294176D-05 -6.9659026D-09 -4.2671831D-12 -3.2332715D-15 -2.8138326D-18 -2.6866370D-21
   6 -14949.3431  0.1479218107 -3.6378228D-05 -1.2435891D-08 -1.0144008D-11 -1.0417085D-14 -1.2386387D-17 -1.6259311D-20
   7 -14928.9083  0.1233877695 -4.6356786D-05 -2.4626101D-08 -2.8874098D-11 -4.3790627D-14 -7.7935810D-17 -1.5439774D-19
   8 -14914.8551  0.0957583833 -6.3693382D-05 -5.7117769D-08 -1.1079897D-10 -2.8938180D-13 -9.0117135D-16 -3.1468573D-18
   9 -14906.8337  0.0646654284 -9.6909779D-05 -1.8143202D-07 -7.8870400D-10 -4.7932133D-12 -3.4979973D-14 -2.8686696D-16
  10 -14903.7141  0.0312773566 -1.9062575D-04 -1.5817905D-06 -3.3383545D-08 -9.7366442D-10 -3.3638902D-11 -1.2910141D-12

 For  Li(  6) - Li(  6)
 ----------------------
   v       E            Bv           -Dv             Hv             Lv            Mv             Nv             Ov
 ====================================================================================================================
   0  -6957.1005  0.5915392758 -1.1466517D-05  1.6618189D-10 -3.9167100D-15  8.1104469D-20 -2.9978465D-24  1.4111721D-28
   1  -6690.9510  0.5817738523 -1.1400399D-05  1.6382383D-10 -4.0024540D-15  9.5906899D-20 -4.1118701D-24  1.4150060D-28
   2  -6430.2850  0.5720246615 -1.1338634D-05  1.6205052D-10 -4.1302855D-15  1.0547800D-19 -4.8114336D-24  1.4435270D-28
   3  -6175.0898  0.5622945420 -1.1281127D-05  1.6054481D-10 -4.2886076D-15  1.1187000D-19 -5.2332956D-24  1.4574573D-28
   4  -5925.3506  0.5525833989 -1.1228067D-05  1.5909033D-10 -4.4664892D-15  1.1630385D-19 -5.4789631D-24  1.4331450D-28
   5  -5681.0524  0.5428888075 -1.1179766D-05  1.5754582D-10 -4.6547605D-15  1.1941269D-19 -5.6235556D-24  1.3598647D-28
   6  -5442.1816  0.5332065839 -1.1136560D-05  1.5582331D-10 -4.8465962D-15  1.2143612D-19 -5.7206303D-24  1.2357830D-28
   7  -5208.7271  0.5235312880 -1.1098758D-05  1.5387014D-10 -5.0376644D-15  1.2237185D-19 -5.8059664D-24  1.0654662D-28
   8  -4980.6807  0.5138566385 -1.1066623D-05  1.5165488D-10 -5.2259496D-15  1.2209104D-19 -5.9021154D-24  8.4858175D-29
   9  -4758.0372  0.5041758357 -1.1040366D-05  1.4915685D-10 -5.4113957D-15  1.2041489D-19 -6.0209100D-24  5.9285655D-29
  10  -4540.7947  0.4944817972 -1.1020165D-05  1.4635905D-10 -5.5954239D-15  1.1716897D-19 -6.1682099D-24  2.9878070D-29
  11  -4328.9542  0.4847673178 -1.1006178D-05  1.4324385D-10 -5.7804471D-15  1.1221118D-19 -6.3463614D-24 -3.5244578D-30
  12  -4122.5196  0.4750251699 -1.0998561D-05  1.3979105D-10 -5.9694062D-15  1.0544413D-19 -6.5567172D-24 -4.1153925D-29
  13  -3921.4976  0.4652481627 -1.0997481D-05  1.3597763D-10 -6.1653699D-15  9.6816047D-20 -6.8019327D-24 -8.3959851D-29
  14  -3725.8972  0.4554291779 -1.1003121D-05  1.3177889D-10 -6.3712239D-15  8.6311812D-20 -7.0868488D-24 -1.3255740D-28
  15  -3535.7298  0.4455611979 -1.1015679D-05  1.2717038D-10 -6.5894390D-15  7.3941997D-20 -7.4200267D-24 -1.8838740D-28
  16  -3351.0088  0.4356373429 -1.1035362D-05  1.2213027D-10 -6.8219343D-15  5.9728211D-20 -7.8133830D-24 -2.5244391D-28
  17  -3171.7492  0.4256509259 -1.1062368D-05  1.1664188D-10 -7.0700018D-15  4.3692590D-20 -8.2825952D-24 -3.2646440D-28
  18  -2997.9677  0.4155955365 -1.1096865D-05  1.1069614D-10 -7.3342846D-15  2.5849852D-20 -8.8456676D-24 -4.1153099D-28
  19  -2829.6818  0.4054651568 -1.1138966D-05  1.0429382D-10 -7.6147735D-15  6.2072506D-21 -9.5224329D-24 -5.0977131D-28
  20  -2666.9097  0.3952543133 -1.1188702D-05  9.7447539D-11 -7.9108095D-15 -1.5231434D-20 -1.0332529D-23 -6.2248616D-28
  21  -2509.6694  0.3849582636 -1.1245986D-05  9.0183527D-11 -8.2210566D-15 -3.8452977D-20 -1.1293897D-23 -7.5102631D-28
  22  -2357.9782  0.3745732161 -1.1310588D-05  8.2543206D-11 -8.5434456D-15 -6.3418615D-20 -1.2421814D-23 -8.9679929D-28
  23  -2211.8518  0.3640965780 -1.1382096D-05  7.4584598D-11 -8.8750813D-15 -9.0044339D-20 -1.3727104D-23 -1.0615505D-27
  24  -2071.3030  0.3535272264 -1.1459892D-05  6.6383592D-11 -9.2121267D-15 -1.1818263D-19 -1.5215516D-23 -1.2464319D-27
  25  -1936.3410  0.3428657946 -1.1543118D-05  5.8034986D-11 -9.5496850D-15 -1.4760696D-19 -1.6887943D-23 -1.4534661D-27
  26  -1806.9698  0.3321149641 -1.1630657D-05  4.9653153D-11 -9.8817203D-15 -1.7800634D-19 -1.8740012D-23 -1.6834992D-27
  27  -1683.1870  0.3212797527 -1.1721111D-05  4.1372071D-11 -1.0201060D-14 -2.0899146D-19 -2.0765773D-23 -1.9399054D-27
  28  -1564.9820  0.3103677839 -1.1812787D-05  3.3344344D-11 -1.0499540D-14 -2.4012146D-19 -2.2960937D-23 -2.2260726D-27
  29  -1452.3351  0.2993895227 -1.1903700D-05  2.5738781D-11 -1.0768346D-14 -2.7095491D-19 -2.5328291D-23 -2.5457994D-27
  30  -1345.2153  0.2883584599 -1.1991582D-05  1.8736081D-11 -1.0998606D-14 -3.0112460D-19 -2.7887972D-23 -2.9063082D-27
  31  -1243.5795  0.2772912234 -1.2073912D-05  1.2522173D-11 -1.1182249D-14 -3.3043956D-19 -3.0687049D-23 -3.3201410D-27
  32  -1147.3704  0.2662075976 -1.2147964D-05  7.2790013D-12 -1.1313140D-14 -3.5900409D-19 -3.3810230D-23 -3.8042677D-27
  33  -1056.5161  0.2551304270 -1.2210881D-05  3.1728075D-12 -1.1388387D-14 -3.8734117D-19 -3.7386746D-23 -4.3758668D-27
  34   -970.9287  0.2440853892 -1.2259761D-05  3.4045257D-13 -1.1409672D-14 -4.1647966D-19 -4.1595387D-23 -5.0580285D-27
  35   -890.5040  0.2331006230 -1.2291780D-05 -1.1251273D-12 -1.1384367D-14 -4.4798816D-19 -4.6661559D-23 -5.8876501D-27
  36   -815.1212  0.2222062111 -1.2304315D-05 -1.1886587D-12 -1.1326179D-14 -4.8392335D-19 -5.2832031D-23 -6.8898453D-27
  37   -744.6430  0.2114335263 -1.2295078D-05  1.1674868D-13 -1.1254934D-14 -5.2664584D-19 -6.0360191D-23 -8.1009828D-27
  38   -678.9167  0.2008144655 -1.2262253D-05  2.6840819D-12 -1.1195448D-14 -5.7855816D-19 -6.9458144D-23 -9.5389371D-27
  39   -617.7752  0.1903806127 -1.2204595D-05  6.3341329D-12 -1.1175337D-14 -6.4177083D-19 -8.0250646D-23 -1.1147283D-26
  40   -561.0386  0.1801623793 -1.2121515D-05  1.0825711D-11 -1.1221564D-14 -7.1759014D-19 -9.2932063D-23 -1.3224542D-26
  41   -508.5164  0.1701881853 -1.2013109D-05  1.5872883D-11 -1.1358051D-14 -8.0669783D-19 -1.0737684D-22 -1.5430975D-26
  42   -460.0097  0.1604837344 -1.1880137D-05  2.1169611D-11 -1.1601291D-14 -9.0854409D-19 -1.2369661D-22 -1.8080975D-26
  43   -415.3137  0.1510714411 -1.1723960D-05  2.6415764D-11 -1.1959189D-14 -1.0219372D-18 -1.4188834D-22 -2.1126298D-26
  44   -374.2201  0.1419700392 -1.1546425D-05  3.1342792D-11 -1.2429960D-14 -1.1452373D-18 -1.6201902D-22 -2.4505006D-26
  45   -336.5197  0.1331943916 -1.1349731D-05  3.5734414D-11 -1.3002702D-14 -1.2767116D-18 -1.8439311D-22 -2.8406743D-26
  46   -302.0048  0.1247554931 -1.1136277D-05  3.9439728D-11 -1.3659291D-14 -1.4148995D-18 -2.0978562D-22 -3.3695313D-26
  47   -270.4708  0.1166606436 -1.0908523D-05  4.2377343D-11 -1.4377631D-14 -1.5590561D-18 -2.3927972D-22 -4.1600822D-26
  48   -241.7184  0.1089137530 -1.0668859D-05  4.4530313D-11 -1.5137550D-14 -1.7107651D-18 -2.7239691D-22 -4.9391147D-26
  49   -215.5544  0.1015157294 -1.0419515D-05  4.5938833D-11 -1.5917824D-14 -1.8711338D-18 -3.1072185D-22 -5.8845337D-26
  50   -191.7934  0.0944649157 -1.0162497D-05  4.6684462D-11 -1.6702222D-14 -2.0426627D-18 -3.5534421D-22 -7.0364153D-26
  51   -170.2578  0.0877575276 -9.8995515D-06  4.6875718D-11 -1.7479529D-14 -2.2285602D-18 -4.0747985D-22 -8.4331671D-26
  52   -150.7790  0.0813880693 -9.6321633D-06  4.6634179D-11 -1.8243712D-14 -2.4325235D-18 -4.6853072D-22 -1.0136951D-25
  53   -133.1971  0.0753497048 -9.3615653D-06  4.6083004D-11 -1.8993445D-14 -2.6585789D-18 -5.4010292D-22 -1.2221678D-25
  54   -117.3611  0.0696345775 -9.0887668D-06  4.5338554D-11 -1.9731205D-14 -2.9109861D-18 -6.2408303D-22 -1.4778673D-25
  55   -103.1290  0.0642340733 -8.8145859D-06  4.4505141D-11 -2.0462222D-14 -3.1942358D-18 -7.2275201D-22 -1.7907071D-25
  56    -90.3675  0.0591390319 -8.5396835D-06  4.3672512D-11 -2.1193462D-14 -3.5130565D-18 -8.3885632D-22 -2.1781502D-25
  57    -78.9517  0.0543399120 -8.2645962D-06  4.2915455D-11 -2.1932752D-14 -3.8726130D-18 -9.7577876D-22 -2.6569166D-25
  58    -68.7648  0.0498269179 -7.9897646D-06  4.2294827D-11 -2.2688164D-14 -4.2786214D-18 -1.1377254D-21 -3.2559217D-25
  59    -59.6979  0.0455900956 -7.7155570D-06  4.1859405D-11 -2.3467618D-14 -4.7376743D-18 -1.3298730D-21 -4.0012564D-25
  60    -51.6497  0.0416194048 -7.4422889D-06  4.1648015D-11 -2.4278746D-14 -5.2574110D-18 -1.5586986D-21 -4.9394996D-25
  61    -44.5257  0.0379047731 -7.1702371D-06  4.1691621D-11 -2.5128933D-14 -5.8469853D-18 -1.8324299D-21 -6.1278113D-25
  62    -38.2386  0.0344361382 -6.8996513D-06  4.2015073D-11 -2.6025566D-14 -6.5174654D-18 -2.1613887D-21 -7.6357478D-25
  63    -32.7073  0.0312034796 -6.6307619D-06  4.2638421D-11 -2.6976449D-14 -7.2823739D-18 -2.5588316D-21 -9.5682748D-25
  64    -27.8569  0.0281968441 -6.3637868D-06  4.3577696D-11 -2.7990430D-14 -8.1585859D-18 -3.0418740D-21 -1.2055264D-24
  65    -23.6183  0.0254063659 -6.0989361D-06  4.4845078D-11 -2.9078273D-14 -9.1673507D-18 -3.6329619D-21 -1.5285365D-24
  66    -19.9279  0.0228222838 -5.8364163D-06  4.6448402D-11 -3.0254019D-14 -1.0336086D-17 -4.3621264D-21 -1.9528707D-24
  67    -16.7273  0.0204349547 -5.5764350D-06  4.8389758D-11 -3.1537100D-14 -1.1701125D-17 -5.2703941D-21 -2.5159895D-24
  68    -13.9627  0.0182348649 -5.3192043D-06  5.0662852D-11 -3.2955826D-14 -1.3312243D-17 -6.4154476D-21 -3.2732257D-24
  69    -11.5851  0.0162126391 -5.0649473D-06  5.3248366D-11 -3.4553372D-14 -1.5240397D-17 -7.8817624D-21 -4.3121784D-24
  70     -9.5499  0.0143590476 -4.8139042D-06  5.6106016D-11 -3.6398341D-14 -1.7592099D-17 -9.7990854D-21 -5.7693416D-24
  71     -7.8164  0.0126650100 -4.5663434D-06  5.9160794D-11 -3.8604083D-14 -2.0535675D-17 -1.2376507D-20 -7.8767973D-24
  72     -6.3476  0.0111215970 -4.3225770D-06  6.2278864D-11 -4.1364513D-14 -2.4352580D-17 -1.5973574D-20 -1.1059674D-23
  73     -5.1102  0.0097200265 -4.0829859D-06  6.5224544D-11 -4.5022314D-14 -2.9540008D-17 -2.1245396D-20 -1.6121049D-23
  74     -4.0741  0.0084516539 -3.8480619D-06  6.7582351D-11 -5.0200966D-14 -3.7020341D-17 -2.9459476D-20 -2.4703304D-23
  75     -3.2123  0.0073079515 -3.6184779D-06  6.8614118D-11 -5.8063192D-14 -4.8576505D-17 -4.3192159D-20 -4.0372778D-23
  76     -2.5007  0.0062804711 -3.3952091D-06  6.6996752D-11 -7.0816530D-14 -6.7756629D-17 -6.7860205D-20 -7.1092486D-23
  77     -1.9179  0.0053607799 -3.1797371D-06  6.0350416D-11 -9.2673749D-14 -1.0168969D-16 -1.1499519D-19 -1.3494413D-22
  78     -1.4450  0.0045403567 -2.9743829D-06  4.4445569D-11 -1.3152177D-13 -1.6437274D-16 -2.0852454D-19 -2.7206128D-22
  79     -1.0653  0.0038104373 -2.7827809D-06  1.2108410D-11 -2.0115460D-13 -2.8110769D-16 -3.9402624D-19 -5.6547511D-22
  80     -0.7644  0.0031618352 -2.6103148D-06 -4.7415947D-11 -3.2186702D-13 -4.8952595D-16 -7.4557724D-19 -1.1772222D-21
  81     -0.5300  0.0025848830 -2.4636950D-06 -1.4576641D-10 -5.1246947D-13 -8.2724718D-16 -1.3753369D-18 -2.4958881D-21
  82     -0.3518  0.0020699281 -2.3477302D-06 -2.8440783D-10 -7.6871757D-13 -1.3271490D-15 -2.5909246D-18 -5.9747203D-21
  83     -0.2207  0.0016090701 -2.2576864D-06 -4.3801521D-10 -1.0613891D-12 -2.1524473D-15 -5.5873244D-18 -1.6915267D-20
  84     -0.1290  0.0011991513 -2.1716926D-06 -5.5604482D-10 -1.3977673D-12 -3.7537759D-15 -1.1732485D-17 -2.2060869D-20

 For  Li(  7) - Li(  7)
 ----------------------
   v       E            Bv           -Dv             Hv             Lv            Mv             Nv             Ov
 ====================================================================================================================
   0  -6966.7838  0.5074865912 -8.4310175D-06  1.0477942D-10 -2.1137623D-15  3.7279236D-20 -1.1749606D-24  4.8150306D-29
   1  -6719.9673  0.4997321624 -8.3857367D-06  1.0337573D-10 -2.1554988D-15  4.3829413D-20 -1.5957737D-24  4.8122137D-29
   2  -6477.8536  0.4919894698 -8.3432292D-06  1.0230864D-10 -2.2171456D-15  4.8194902D-20 -1.8705041D-24  4.8997063D-29
   3  -6240.4329  0.4842607369 -8.3034061D-06  1.0141165D-10 -2.2937764D-15  5.1181125D-20 -2.0438469D-24  4.9621604D-29
   4  -6007.6936  0.4765462758 -8.2663498D-06  1.0056705D-10 -2.3806182D-15  5.3293670D-20 -2.1496449D-24  4.9274127D-29
   5  -5779.6236  0.4688448394 -8.2322275D-06  9.9694729D-11 -2.4735000D-15  5.4819200D-20 -2.2137099D-24  4.7556871D-29
   6  -5556.2116  0.4611539615 -8.2012343D-06  9.8742274D-11 -2.5691241D-15  5.5890534D-20 -2.2551640D-24  4.4359140D-29
   7  -5337.4479  0.4534702661 -8.1735595D-06  9.7676707D-11 -2.6651750D-15  5.6539448D-20 -2.2875771D-24  3.9708129D-29
   8  -5123.3246  0.4457897323 -8.1493698D-06  9.6477708D-11 -2.7603028D-15  5.6737474D-20 -2.3199475D-24  3.3731720D-29
   9  -4913.8361  0.4381079098 -8.1288050D-06  9.5132370D-11 -2.8540190D-15  5.6426518D-20 -2.3578323D-24  2.6497602D-29
  10  -4708.9792  0.4304200851 -8.1119807D-06  9.3631336D-11 -2.9465428D-15  5.5539639D-20 -2.4042216D-24  1.8119512D-29
  11  -4508.7530  0.4227214027 -8.0989959D-06  9.1966197D-11 -3.0386213D-15  5.4014989D-20 -2.4605314D-24  8.6212112D-30
  12  -4313.1586  0.4150069479 -8.0899420D-06  9.0127944D-11 -3.1313506D-15  5.1803194D-20 -2.5273633D-24 -2.0028259D-30
  13  -4122.1995  0.4072717994 -8.0849101D-06  8.8106289D-11 -3.2260083D-15  4.8870747D-20 -2.6052397D-24 -1.3995627D-29
  14  -3935.8810  0.3995110615 -8.0839979D-06  8.5889661D-11 -3.3239129D-15  4.5199014D-20 -2.6948771D-24 -2.7389882D-29
  15  -3754.2101  0.3917198842 -8.0873120D-06  8.3465706D-11 -3.4263063D-15  4.0782410D-20 -2.7978498D-24 -4.2514353D-29
  16  -3577.1958  0.3838934795 -8.0949677D-06  8.0822112D-11 -3.5342716D-15  3.5623989D-20 -2.9166951D-24 -5.9634467D-29
  17  -3404.8482  0.3760271418 -8.1070852D-06  7.7947611D-11 -3.6486778D-15  2.9731449D-20 -3.0550056D-24 -7.9112812D-29
  18  -3237.1791  0.3681162778 -8.1237826D-06  7.4833073D-11 -3.7701494D-15  2.3113199D-20 -3.2174246D-24 -1.0133214D-28
  19  -3074.2012  0.3601564503 -8.1451658D-06  7.1472558D-11 -3.8990546D-15  1.5775559D-20 -3.4093954D-24 -1.2652152D-28
  20  -2915.9282  0.3521434396 -8.1713162D-06  6.7864327D-11 -4.0355015D-15  7.7226125D-21 -3.6372160D-24 -1.5576492D-28
  21  -2762.3744  0.3440733236 -8.2022771D-06  6.4011729D-11 -4.1793439D-15 -1.0448968D-21 -3.9068472D-24 -1.8857277D-28
  22  -2613.5542  0.3359425768 -8.2380385D-06  5.9924008D-11 -4.3301719D-15 -1.0524369D-20 -4.2244900D-24 -2.2592181D-28
  23  -2469.4818  0.3277481885 -8.2785213D-06  5.5617023D-11 -4.4873006D-15 -2.0708530D-20 -4.5954995D-24 -2.6794207D-28
  24  -2330.1706  0.3194877977 -8.3235612D-06  5.1113890D-11 -4.6497434D-15 -3.1578989D-20 -5.0243228D-24 -3.1513418D-28
  25  -2195.6326  0.3111598415 -8.3728932D-06  4.6445573D-11 -4.8161747D-15 -4.3100241D-20 -5.5140945D-24 -3.6814710D-28
  26  -2065.8777  0.3027637167 -8.4261367D-06  4.1651411D-11 -4.9848857D-15 -5.5214128D-20 -6.0663147D-24 -4.2690124D-28
  27  -1940.9129  0.2942999473 -8.4827812D-06  3.6779551D-11 -5.1537417D-15 -6.7835080D-20 -6.6810222D-24 -4.9208869D-28
  28  -1820.7413  0.2857703552 -8.5421743D-06  3.1887220D-11 -5.3201524D-15 -8.0848223D-20 -7.3570605D-24 -5.6426841D-28
  29  -1705.3615  0.2771782286 -8.6035122D-06  2.7040737D-11 -5.4810763D-15 -9.4112402D-20 -8.0923853D-24 -6.4373913D-28
  30  -1594.7663  0.2685284804 -8.6658330D-06  2.2315147D-11 -5.6330652D-15 -1.0746718D-19 -8.8852255D-24 -7.3119746D-28
  31  -1488.9415  0.2598277897 -8.7280158D-06  1.7793290D-11 -5.7723765D-15 -1.2074677D-19 -9.7362509D-24 -8.2891576D-28
  32  -1387.8655  0.2510847169 -8.7887843D-06  1.3564143D-11 -5.8951748D-15 -1.3380487D-19 -1.0649281D-23 -9.3709348D-28
  33  -1291.5076  0.2423097835 -8.8467191D-06  9.7202939D-12 -5.9978113D-15 -1.4654094D-19 -1.1635955D-23 -1.0594516D-27
  34  -1199.8275  0.2335155044 -8.9002779D-06  6.3543900D-12 -6.0772131D-15 -1.5893924D-19 -1.2717009D-23 -1.2002840D-27
  35  -1112.7745  0.2247163640 -8.9478259D-06  3.5545754D-12 -6.1313351D-15 -1.7110645D-19 -1.3925488D-23 -1.3626166D-27
  36  -1030.2861  0.2159287239 -8.9876771D-06  1.3989994D-12 -6.1596657D-15 -1.8330781D-19 -1.5308238D-23 -1.5518322D-27
  37   -952.2884  0.2071706570 -9.0181450D-06 -5.0275552D-14 -6.1636794D-15 -1.9598476D-19 -1.6929221D-23 -1.7816495D-27
  38   -878.6952  0.1984617021 -9.0376028D-06 -7.5353873D-13 -6.1472390D-15 -2.0976955D-19 -1.8859183D-23 -2.0517491D-27
  39   -809.4081  0.1898225400 -9.0445490D-06 -6.9908420D-13 -6.1167311D-15 -2.2544511D-19 -2.1177473D-23 -2.3726629D-27
  40   -744.3168  0.1812745979 -9.0376755D-06  9.2499654D-14 -6.0809378D-15 -2.4388717D-19 -2.3965099D-23 -2.7579225D-27
  41   -683.2996  0.1728395961 -9.0159316D-06  1.5662440D-12 -6.0505860D-15 -2.6598002D-19 -2.7287079D-23 -3.2077218D-27
  42   -626.2242  0.1645390576 -8.9785784D-06  3.6336672D-12 -6.0375010D-15 -2.9250139D-19 -3.1189755D-23 -3.7196584D-27
  43   -572.9488  0.1563938053 -8.9252281D-06  6.1769556D-12 -6.0534433D-15 -3.2399527D-19 -3.5711464D-23 -4.3232686D-27
  44   -523.3237  0.1484234787 -8.8558626D-06  9.0562307D-12 -6.1089589D-15 -3.6072893D-19 -4.0854802D-23 -5.0072851D-27
  45   -477.1922  0.1406460979 -8.7708289D-06  1.2119519D-11 -6.2120679D-15 -4.0261194D-19 -4.6636606D-23 -5.8217224D-27
  46   -434.3933  0.1330777034 -8.6708114D-06  1.5213933D-11 -6.3675595D-15 -4.4931136D-19 -5.3028376D-23 -6.6951675D-27
  47   -394.7624  0.1257320898 -8.5567827D-06  1.8197200D-11 -6.5761989D-15 -5.0020636D-19 -6.0099140D-23 -7.7549090D-27
  48   -358.1336  0.1186206475 -8.4299394D-06  2.0947261D-11 -6.8352548D-15 -5.5472026D-19 -6.7836095D-23 -8.8444907D-27
  49   -324.3410  0.1117523112 -8.2916288D-06  2.3370035D-11 -7.1382274D-15 -6.1211610D-19 -7.6540898D-23 -1.0421943D-26
  50   -293.2206  0.1051336097 -8.1432743D-06  2.5402337D-11 -7.4775668D-15 -6.7238567D-19 -8.5987956D-23 -1.1657151D-26
  51   -264.6109  0.0987687966 -7.9863068D-06  2.7014109D-11 -7.8426944D-15 -7.3498285D-19 -9.6953438D-23 -1.3876904D-26
  52   -238.3548  0.0926600489 -7.8221057D-06  2.8203621D-11 -8.2252472D-15 -8.0070078D-19 -1.0913209D-22 -1.5846775D-26
  53   -214.2997  0.0868077011 -7.6519552D-06  2.8994821D-11 -8.6159859D-15 -8.6981491D-19 -1.2324022D-22 -1.8609119D-26
  54   -192.2990  0.0812105021 -7.4770147D-06  2.9429966D-11 -9.0079596D-15 -9.4322486D-19 -1.3976545D-22 -2.2498273D-26
  55   -172.2116  0.0758658719 -7.2983037D-06  2.9562822D-11 -9.3976645D-15 -1.0227229D-18 -1.5820767D-22 -2.5743883D-26
  56   -153.9031  0.0707701423 -7.1166991D-06  2.9454654D-11 -9.7810559D-15 -1.1090302D-18 -1.7984537D-22 -3.0338361D-26
  57   -137.2456  0.0659187775 -6.9329411D-06  2.9167159D-11 -1.0157663D-14 -1.2038056D-18 -2.0495515D-22 -3.5979743D-26
  58   -122.1178  0.0613065644 -6.7476460D-06  2.8760552D-11 -1.0525985D-14 -1.3073759D-18 -2.3599445D-22 -4.7164046D-26
  59   -108.4047  0.0569277756 -6.5613206D-06  2.8286131D-11 -1.0894839D-14 -1.4250568D-18 -2.6776829D-22 -5.0875721D-26
  60    -95.9980  0.0527762954 -6.3743837D-06  2.7795596D-11 -1.1257221D-14 -1.5532253D-18 -3.0980189D-22 -6.7381501D-26
  61    -84.7956  0.0488457342 -6.1871760D-06  2.7324812D-11 -1.1628505D-14 -1.7004941D-18 -3.5128996D-22 -7.0021670D-26
  62    -74.7014  0.0451295025 -5.9999831D-06  2.6912024D-11 -1.2001268D-14 -1.8627711D-18 -4.0421228D-22 -8.4118519D-26
  63    -65.6255  0.0416208817 -5.8130435D-06  2.6585461D-11 -1.2377379D-14 -2.0410375D-18 -4.7274478D-22 -1.1768085D-25
  64    -57.4834  0.0383130736 -5.6265591D-06  2.6363966D-11 -1.2770572D-14 -2.2441278D-18 -5.4655466D-22 -1.4259419D-25
  65    -50.1960  0.0351992349 -5.4407079D-06  2.6267652D-11 -1.3179149D-14 -2.4720319D-18 -6.3340545D-22 -1.7346142D-25
  66    -43.6895  0.0322725095 -5.2556480D-06  2.6311370D-11 -1.3606260D-14 -2.7282165D-18 -7.3597900D-22 -2.1182014D-25
  67    -37.8952  0.0295260510 -5.0715235D-06  2.6507252D-11 -1.4055071D-14 -3.0168317D-18 -8.5759804D-22 -2.5967117D-25
  68    -32.7488  0.0269530407 -4.8884685D-06  2.6865247D-11 -1.4528925D-14 -3.3428769D-18 -1.0024984D-21 -3.1988705D-25
  69    -28.1907  0.0245467026 -4.7066104D-06  2.7393448D-11 -1.5031572D-14 -3.7124772D-18 -1.1759870D-21 -3.9594459D-25
  70    -24.1656  0.0223003147 -4.5260720D-06  2.8098181D-11 -1.5567487D-14 -4.1332075D-18 -1.3848949D-21 -4.9279732D-25
  71    -20.6222  0.0202072198 -4.3469740D-06  2.8983824D-11 -1.6142343D-14 -4.6146406D-18 -1.6381414D-21 -6.1697039D-25
  72    -17.5130  0.0182608332 -4.1694371D-06  3.0052300D-11 -1.6763705D-14 -5.1691074D-18 -1.9475934D-21 -7.7793189D-25
  73    -14.7942  0.0164546498 -3.9935838D-06  3.1302108D-11 -1.7442156D-14 -5.8129015D-18 -2.3292757D-21 -9.8867429D-25
  74    -12.4254  0.0147822499 -3.8195413D-06  3.2726692D-11 -1.8193086D-14 -6.5683742D-18 -2.8057721D-21 -1.2683661D-24
  75    -10.3696  0.0132373037 -3.6474441D-06  3.4311731D-11 -1.9039730D-14 -7.4673042D-18 -3.4099751D-21 -1.6465901D-24
  76     -8.5926  0.0118135746 -3.4774386D-06  3.6030669D-11 -2.0018409D-14 -8.5569621D-18 -4.1914700D-21 -2.1695117D-24
  77     -7.0634  0.0105049210 -3.3096894D-06  3.7837262D-11 -2.1187648D-14 -9.9111071D-18 -5.2296127D-21 -2.9136119D-24
  78     -5.7534  0.0093052959 -3.1443880D-06  3.9652946D-11 -2.2644659D-14 -1.1650331D-17 -6.6574804D-21 -4.0151429D-24
  79     -4.6368  0.0082087443 -2.9817681D-06  4.1345185D-11 -2.4555214D-14 -1.3981224D-17 -8.7101464D-21 -5.7227932D-24
  80     -3.6901  0.0072093963 -2.8221278D-06  4.2689772D-11 -2.7209071D-14 -1.7272318D-17 -1.1824033D-20 -8.5289191D-24
  81     -2.8920  0.0063014538 -2.6658682D-06  4.3304701D-11 -3.1123195D-14 -2.2204422D-17 -1.6844214D-20 -1.3433141D-23
  82     -2.2234  0.0054791685 -2.5135551D-06  4.2534066D-11 -3.7234064D-14 -3.0065724D-17 -2.5453877D-20 -2.2557738D-23
  83     -1.6672  0.0047368044 -2.3660209D-06  3.9247644D-11 -4.7247116D-14 -4.3317693D-17 -4.1045834D-20 -4.0427270D-23
  84     -1.2080  0.0040685794 -2.2245242D-06  3.1513006D-11 -6.4228347D-14 -6.6591409D-17 -7.0345048D-20 -7.6592924D-23
  85     -0.8322  0.0034685801 -2.0909810D-06  1.6130526D-11 -9.3434220D-14 -1.0810625D-16 -1.2587000D-19 -1.5010913D-22
  86     -0.5279  0.0029306537 -1.9682148D-06 -1.1777313D-11 -1.4287981D-13 -1.8057505D-16 -2.2815072D-19 -2.9620817D-22
  87     -0.2847  0.0024483307 -1.8599745D-06 -5.8307646D-11 -2.2179984D-13 -2.9875140D-16 -4.0619659D-19 -5.8388652D-22
  88     -0.0938  0.0020149378 -1.7700205D-06 -1.2760928D-10 -3.3410888D-13 -4.7334735D-16 -7.1223333D-19 -1.2138546D-21
  89      0.0526  0.0016242335 -1.6992531D-06 -2.1484637D-10 -4.7061467D-13 -7.2548804D-16 -1.3304275D-18 -2.9176390D-21
  90      0.1611  0.0012718539 -1.6411847D-06 -3.0096817D-10 -6.2098253D-13 -1.1632108D-15 -2.8360699D-18 -7.8752429D-21
