   [2.200000   -8.2884521852451D+03  ;
    2.225000   -8.6555025760860D+03  ;
    2.250000   -9.0049711467627D+03  ;
    2.275000   -9.3376591653103D+03  ;
    2.300000   -9.6543294832777D+03  ;
    2.325000   -9.9557087683626D+03  ;
    2.350000   -1.0242489572586D+04  ;
    2.375000   -1.0515332249996D+04  ;
    2.400000   -1.0774866736602D+04  ;
    2.425000   -1.1021694204058D+04  ;
    2.450000   -1.1256388597607D+04  ;
    2.475000   -1.1479498067795D+04  ;
    2.500000   -1.1691546304683D+04  ;
    2.525000   -1.1893033782455D+04  ;
    2.550000   -1.2084438921664D+04  ;
    2.575000   -1.2266219175721D+04  ;
    2.600000   -1.2438812047649D+04  ;
    2.625000   -1.2602636042634D+04  ;
    2.650000   -1.2758091561400D+04  ;
    2.675000   -1.2905561739049D+04  ;
    2.700000   -1.3045413233577D+04  ;
    2.725000   -1.3177996967964D+04  ;
    2.750000   -1.3303648829377D+04  ;
    2.775000   -1.3422690328750D+04  ;
    2.800000   -1.3535429223731D+04  ;
    2.825000   -1.3642160107743D+04  ;
    2.850000   -1.3743164967669D+04  ;
    2.875000   -1.3838713712465D+04  ;
    2.900000   -1.3929064674837D+04  ;
    2.925000   -1.4014465087908D+04  ;
    2.950000   -1.4095151538664D+04  ;
    2.975000   -1.4171350399821D+04  ;
    3.000000   -1.4243278241595D+04  ;
    3.025000   -1.4311142224775D+04  ;
    3.050000   -1.4375140476324D+04  ;
    3.075000   -1.4435462448698D+04  ;
    3.100000   -1.4492289263908D+04  ;
    3.125000   -1.4545794043302D+04  ;
    3.150000   -1.4596142223962D+04  ;
    3.175000   -1.4643491862493D+04  ;
    3.200000   -1.4687993926972D+04  ;
    3.225000   -1.4729792577713D+04  ;
    3.250000   -1.4769025437463D+04  ;
    3.275000   -1.4805823851595D+04  ;
    3.300000   -1.4840313138802D+04  ;
    3.325000   -1.4872612832766D+04  ;
    3.350000   -1.4902836915224D+04  ;
    3.375000   -1.4931094040814D+04  ;
    3.400000   -1.4957487754060D+04  ;
    3.425000   -1.4982116698828D+04  ;
    3.450000   -1.5005074820532D+04  ;
    3.475000   -1.5026451561372D+04  ;
    3.500000   -1.5046332048860D+04  ;
    3.525000   -1.5064797277849D+04  ;
    3.550000   -1.5081924286288D+04  ;
    3.575000   -1.5097786324897D+04  ;
    3.600000   -1.5112453020948D+04  ;
    3.625000   -1.5125990536316D+04  ;
    3.650000   -1.5138461719970D+04  ;
    3.675000   -1.5149926255051D+04  ;
    3.700000   -1.5160440800678D+04  ;
    3.725000   -1.5170059128634D+04  ;
    3.750000   -1.5178832255044D+04  ;
    3.775000   -1.5186808567184D+04  ;
    3.800000   -1.5194033945552D+04  ;
    3.825000   -1.5200551881299D+04  ;
    3.850000   -1.5206403589158D+04  ;
    3.875000   -1.5211628115981D+04  ;
    3.900000   -1.5216262444988D+04  ;
    3.925000   -1.5220341595855D+04  ;
    3.950000   -1.5223898720739D+04  ;
    3.975000   -1.5226965196361D+04  ;
    4.000000   -1.5229570712245D+04  ;
    4.025000   -1.5231743355232D+04  ;
    4.050000   -1.5233509690371D+04  ;
    4.075000   -1.5234894838299D+04  ;
    4.100000   -1.5235922549204D+04  ;
    4.125000   -1.5236615273499D+04  ;
    4.150000   -1.5236994229291D+04  ;
    4.175000   -1.5237079466764D+04  ;
    4.200000   -1.5236889929573D+04  ;
    4.225000   -1.5236443513350D+04  ;
    4.250000   -1.5235757121433D+04  ;
    4.275000   -1.5234846717910D+04  ;
    4.300000   -1.5233727378078D+04  ;
    4.325000   -1.5232413336418D+04  ;
    4.350000   -1.5230918032185D+04  ;
    4.375000   -1.5229254152695D+04  ;
    4.400000   -1.5227433674420D+04  ;
    4.425000   -1.5225467901962D+04  ;
    4.450000   -1.5223367505018D+04  ;
    4.475000   -1.5221142553399D+04  ;
    4.500000   -1.5218802550202D+04  ;
    4.525000   -1.5216356463221D+04  ;
    4.550000   -1.5213812754664D+04  ;
    4.575000   -1.5211179409261D+04  ;
    4.600000   -1.5208463960847D+04  ;
    4.625000   -1.5205673517475D+04  ;
    4.650000   -1.5202814785146D+04  ;
    4.675000   -1.5199894090221D+04  ;
    4.700000   -1.5196917400572D+04  ;
    4.725000   -1.5193890345546D+04  ;
    4.750000   -1.5190818234803D+04  ;
    4.775000   -1.5187706076080D+04  ;
    4.800000   -1.5184558591938D+04  ;
    4.825000   -1.5181380235560D+04  ;
    4.850000   -1.5178175205631D+04  ;
    4.875000   -1.5174947460365D+04  ;
    4.900000   -1.5171700730721D+04  ;
    4.925000   -1.5168438532855D+04  ;
    4.950000   -1.5165164179845D+04  ;
    4.975000   -1.5161880792742D+04  ;
    5.000000   -1.5158591310975D+04  ;
    5.025000   -1.5155298502153D+04  ;
    5.050000   -1.5152004971294D+04  ;
    5.075000   -1.5148713169527D+04  ;
    5.100000   -1.5145425402280D+04  ;
    5.125000   -1.5142143836998D+04  ;
    5.150000   -1.5138870510421D+04  ;
    5.175000   -1.5135607335433D+04  ;
    5.200000   -1.5132356107526D+04  ;
    5.225000   -1.5129118510891D+04  ;
    5.250000   -1.5125896124165D+04  ;
    5.275000   -1.5122690425846D+04  ;
    5.300000   -1.5119502799415D+04  ;
    5.325000   -1.5116334538155D+04  ;
    5.350000   -1.5113186849720D+04  ;
    5.375000   -1.5110060860435D+04  ;
    5.400000   -1.5106957619369D+04  ;
    5.425000   -1.5103878102187D+04  ;
    5.450000   -1.5100823214786D+04  ;
    5.475000   -1.5097793796746D+04  ;
    5.500000   -1.5094790624589D+04  ;
    5.525000   -1.5091814414874D+04  ;
    5.550000   -1.5088865827122D+04  ;
    5.575000   -1.5085945466604D+04  ;
    5.600000   -1.5083053886968D+04  ;
    5.625000   -1.5080191592750D+04  ;
    5.650000   -1.5077359041750D+04  ;
    5.675000   -1.5074556647294D+04  ;
    5.700000   -1.5071784780384D+04  ;
    5.725000   -1.5069043771743D+04  ;
    5.750000   -1.5066333913768D+04  ;
    5.775000   -1.5063655462381D+04  ;
    5.800000   -1.5061008638803D+04  ;
    5.825000   -1.5058393631238D+04  ;
    5.850000   -1.5055810596487D+04  ;
    5.875000   -1.5053259661486D+04  ;
    5.900000   -1.5050740924770D+04  ;
    5.925000   -1.5048254457883D+04  ;
    5.950000   -1.5045800306717D+04  ;
    5.975000   -1.5043378492797D+04  ;
    6.000000   -1.5040989014509D+04  ;
    6.025000   -1.5038631848278D+04  ;
    6.050000   -1.5036306949694D+04  ;
    6.075000   -1.5034014254593D+04  ;
    6.100000   -1.5031753680091D+04  ;
    6.125000   -1.5029525125576D+04  ;
    6.150000   -1.5027328473659D+04  ;
    6.175000   -1.5025163591089D+04  ;
    6.200000   -1.5023030329628D+04  ;
    6.225000   -1.5020928526889D+04  ;
    6.250000   -1.5018858007148D+04  ;
    6.275000   -1.5016818582114D+04  ;
    6.300000   -1.5014810051676D+04  ;
    6.325000   -1.5012832204614D+04  ;
    6.350000   -1.5010884819289D+04  ;
    6.375000   -1.5008967664299D+04  ;
    6.400000   -1.5007080499110D+04  ;
    6.425000   -1.5005223074668D+04  ;
    6.450000   -1.5003395133979D+04  ;
    6.475000   -1.5001596412672D+04  ;
    6.500000   -1.4999826639534D+04  ;
    6.525000   -1.4998085537028D+04  ;
    6.550000   -1.4996372821789D+04  ;
    6.575000   -1.4994688205101D+04  ;
    6.600000   -1.4993031393349D+04  ;
    6.625000   -1.4991402088463D+04  ;
    6.650000   -1.4989799988335D+04  ;
    6.675000   -1.4988224787222D+04  ;
    6.700000   -1.4986676176133D+04  ;
    6.725000   -1.4985153843197D+04  ;
    6.750000   -1.4983657474020D+04  ;
    6.775000   -1.4982186752025D+04  ;
    6.800000   -1.4980741358772D+04  ;
    6.825000   -1.4979320974274D+04  ;
    6.850000   -1.4977925277293D+04  ;
    6.875000   -1.4976553945620D+04  ;
    6.900000   -1.4975206656351D+04  ;
    6.925000   -1.4973883086143D+04  ;
    6.950000   -1.4972582911465D+04  ;
    6.975000   -1.4971305808826D+04  ;
    7.000000   -1.4970051455006D+04  ;
    7.025000   -1.4968819527268D+04  ;
    7.050000   -1.4967609703559D+04  ;
    7.075000   -1.4966421662705D+04  ;
    7.100000   -1.4965255084593D+04  ;
    7.125000   -1.4964109650344D+04  ;
    7.150000   -1.4962985042482D+04  ;
    7.175000   -1.4961880945084D+04  ;
    7.200000   -1.4960797043932D+04  ;
    7.225000   -1.4959733026649D+04  ;
    7.250000   -1.4958688582833D+04  ;
    7.275000   -1.4957663404177D+04  ;
    7.300000   -1.4956657184590D+04  ;
    7.325000   -1.4955669620300D+04  ;
    7.350000   -1.4954700409961D+04  ;
    7.375000   -1.4953749254747D+04  ;
    7.400000   -1.4952815858439D+04  ;
    7.425000   -1.4951899927510D+04  ;
    7.450000   -1.4951001171204D+04  ;
    7.475000   -1.4950119301599D+04  ;
    7.500000   -1.4949254033684D+04  ;
    7.525000   -1.4948405085409D+04  ;
    7.550000   -1.4947572177747D+04  ;
    7.575000   -1.4946755034741D+04  ;
    7.600000   -1.4945953383551D+04  ;
    7.625000   -1.4945166954494D+04  ;
    7.650000   -1.4944395481081D+04  ;
    7.675000   -1.4943638700051D+04  ;
    7.700000   -1.4942896351397D+04  ;
    7.725000   -1.4942168178392D+04  ;
    7.750000   -1.4941453927611D+04  ;
    7.775000   -1.4940753348946D+04  ;
    7.800000   -1.4940066195622D+04  ;
    7.825000   -1.4939392224208D+04  ;
    7.850000   -1.4938731194623D+04  ;
    7.875000   -1.4938082870145D+04  ;
    7.900000   -1.4937447017407D+04  ;
    7.925000   -1.4936823406402D+04  ;
    7.950000   -1.4936211810477D+04  ;
    7.975000   -1.4935612006330D+04  ;
    8.000000   -1.4935023773997D+04  ;
    8.025000   -1.4934446896849D+04  ;
    8.050000   -1.4933881161575D+04  ;
    8.075000   -1.4933326358173D+04  ;
    8.100000   -1.4932782279926D+04  ;
    8.125000   -1.4932248723393D+04  ;
    8.150000   -1.4931725488388D+04  ;
    8.175000   -1.4931212377953D+04  ;
    8.200000   -1.4930709198346D+04  ;
    8.225000   -1.4930215759009D+04  ;
    8.250000   -1.4929731872548D+04  ;
    8.275000   -1.4929257354706D+04  ;
    8.300000   -1.4928792024335D+04  ;
    8.325000   -1.4928335703369D+04  ;
    8.350000   -1.4927888216794D+04  ;
    8.375000   -1.4927449392619D+04  ;
    8.400000   -1.4927019061847D+04  ;
    8.425000   -1.4926597058440D+04  ;
    8.450000   -1.4926183219287D+04  ;
    8.475000   -1.4925777384175D+04  ;
    8.500000   -1.4925379395753D+04  ;
    8.525000   -1.4924989099498D+04  ;
    8.550000   -1.4924606343681D+04  ;
    8.575000   -1.4924230979334D+04  ;
    8.600000   -1.4923862860211D+04  ;
    8.625000   -1.4923501842757D+04  ;
    8.650000   -1.4923147786071D+04  ;
    8.675000   -1.4922800551867D+04  ;
    8.700000   -1.4922460004444D+04  ;
    8.725000   -1.4922126010644D+04  ;
    8.750000   -1.4921798439819D+04  ;
    8.775000   -1.4921477163795D+04  ;
    8.800000   -1.4921162056831D+04  ;
    8.825000   -1.4920852995591D+04  ;
    8.850000   -1.4920549859100D+04  ;
    8.875000   -1.4920252528711D+04  ;
    8.900000   -1.4919960888069D+04  ;
    8.925000   -1.4919674823073D+04  ;
    8.950000   -1.4919394221843D+04  ;
    8.975000   -1.4919118974683D+04  ;
    9.000000   -1.4918848974043D+04  ;
    9.025000   -1.4918584114487D+04  ;
    9.050000   -1.4918324292658D+04  ;
    9.075000   -1.4918069407239D+04  ;
    9.100000   -1.4917819358922D+04  ;
    9.125000   -1.4917574050375D+04  ;
    9.150000   -1.4917333386201D+04  ;
    9.175000   -1.4917097272913D+04  ;
    9.200000   -1.4916865618893D+04  ;
    9.225000   -1.4916638334365D+04  ;
    9.250000   -1.4916415331358D+04  ;
    9.275000   -1.4916196523674D+04  ;
    9.300000   -1.4915981826857D+04  ;
    9.325000   -1.4915771158163D+04  ;
    9.350000   -1.4915564436523D+04  ;
    9.375000   -1.4915361582520D+04  ;
    9.400000   -1.4915162518349D+04  ;
    9.425000   -1.4914967167795D+04  ;
    9.450000   -1.4914775456198D+04  ;
    9.475000   -1.4914587310428D+04  ;
    9.500000   -1.4914402658851D+04  ;
    9.525000   -1.4914221431303D+04  ;
    9.550000   -1.4914043559061D+04  ;
    9.575000   -1.4913868974816D+04  ;
    9.600000   -1.4913697612647D+04  ;
    9.625000   -1.4913529407990D+04  ;
    9.650000   -1.4913364297612D+04  ;
    9.675000   -1.4913202219591D+04  ;
    9.700000   -1.4913043113281D+04  ;
    9.725000   -1.4912886919294D+04  ;
    9.750000   -1.4912733579469D+04  ;
    9.775000   -1.4912583036855D+04  ;
    9.800000   -1.4912435235679D+04  ;
    9.825000   -1.4912290121327D+04  ;
    9.850000   -1.4912147640318D+04  ;
    9.875000   -1.4912007740283D+04  ;
    9.900000   -1.4911870369944D+04  ;
    9.925000   -1.4911735479085D+04  ;
    9.950000   -1.4911603018538D+04  ;
    9.975000   -1.4911472940159D+04  ;
   10.000000   -1.4911345196803D+04  ;
   10.025000   -1.4911219742309D+04  ;
   10.050000   -1.4911096531478D+04  ;
   10.075000   -1.4910975520051D+04  ;
   10.100000   -1.4910856664691D+04  ;
   10.125000   -1.4910739922965D+04  ;
   10.150000   -1.4910625253323D+04  ;
   10.175000   -1.4910512615081D+04  ;
   10.200000   -1.4910401968403D+04  ;
   10.225000   -1.4910293274282D+04  ;
   10.250000   -1.4910186494523D+04  ;
   10.275000   -1.4910081591728D+04  ;
   10.300000   -1.4909978529274D+04  ;
   10.325000   -1.4909877271305D+04  ;
   10.350000   -1.4909777782706D+04  ;
   10.375000   -1.4909680029095D+04  ;
   10.400000   -1.4909583976805D+04  ;
   10.425000   -1.4909489592868D+04  ;
   10.450000   -1.4909396844999D+04  ;
   10.475000   -1.4909305701586D+04  ;
   10.500000   -1.4909216131672D+04  ;
   10.525000   -1.4909128104940D+04  ;
   10.550000   -1.4909041591704D+04  ;
   10.575000   -1.4908956562893D+04  ;
   10.600000   -1.4908872990034D+04  ;
   10.625000   -1.4908790845247D+04  ;
   10.650000   -1.4908710101227D+04  ;
   10.675000   -1.4908630731233D+04  ;
   10.700000   -1.4908552709074D+04  ;
   10.725000   -1.4908476009103D+04  ;
   10.750000   -1.4908400606198D+04  ;
   10.775000   -1.4908326475755D+04  ;
   10.800000   -1.4908253593678D+04  ;
   10.825000   -1.4908181936364D+04  ;
   10.850000   -1.4908111480696D+04  ;
   10.875000   -1.4908042204031D+04  ;
   10.900000   -1.4907974084189D+04  ;
   10.925000   -1.4907907099445D+04  ;
   10.950000   -1.4907841228518D+04  ;
   10.975000   -1.4907776450563D+04  ;
   11.000000   -1.4907712745158D+04  ;
   11.025000   -1.4907650092300D+04  ;
   11.050000   -1.4907588472392D+04  ;
   11.075000   -1.4907527866235D+04  ;
   11.100000   -1.4907468255022D+04  ;
   11.125000   -1.4907409620326D+04  ;
   11.150000   -1.4907351944094D+04  ;
   11.175000   -1.4907295208639D+04  ;
   11.200000   -1.4907239396631D+04  ;
   11.225000   -1.4907184491091D+04  ;
   11.250000   -1.4907130475381D+04  ;
   11.275000   -1.4907077333200D+04  ;
   11.300000   -1.4907025048573D+04  ;
   11.325000   -1.4906973605847D+04  ;
   11.350000   -1.4906922989684D+04  ;
   11.375000   -1.4906873185052D+04  ;
   11.400000   -1.4906824177220D+04  ;
   11.425000   -1.4906775951752D+04  ;
   11.450000   -1.4906728494500D+04  ;
   11.475000   -1.4906681791597D+04  ;
   11.500000   -1.4906635829454D+04  ;
   11.525000   -1.4906590594749D+04  ;
   11.550000   -1.4906546074428D+04  ;
   11.575000   -1.4906502255693D+04  ;
   11.600000   -1.4906459126000D+04  ;
   11.625000   -1.4906416673054D+04  ;
   11.650000   -1.4906374884800D+04  ;
   11.675000   -1.4906333749422D+04  ;
   11.700000   -1.4906293255337D+04  ;
   11.725000   -1.4906253391188D+04  ;
   11.750000   -1.4906214145842D+04  ;
   11.775000   -1.4906175508384D+04  ;
   11.800000   -1.4906137468111D+04  ;
   11.825000   -1.4906100014529D+04  ;
   11.850000   -1.4906063137350D+04  ;
   11.875000   -1.4906026826485D+04  ;
   11.900000   -1.4905991072041D+04  ;
   11.925000   -1.4905955864318D+04  ;
   11.950000   -1.4905921193801D+04  ;
   11.975000   -1.4905887051163D+04  ;
   12.000000   -1.4905853427252D+04  ;
   12.025000   -1.4905820313097D+04  ;
   12.050000   -1.4905787699897D+04  ;
   12.075000   -1.4905755579021D+04  ;
   12.100000   -1.4905723942002D+04  ;
   12.125000   -1.4905692780537D+04  ;
   12.150000   -1.4905662086479D+04  ;
   12.175000   -1.4905631851841D+04  ;
   12.200000   -1.4905602068782D+04  ;
   12.225000   -1.4905572729615D+04  ;
   12.250000   -1.4905543826796D+04  ;
   12.275000   -1.4905515352925D+04  ;
   12.300000   -1.4905487300743D+04  ;
   12.325000   -1.4905459663125D+04  ;
   12.350000   -1.4905432433084D+04  ;
   12.375000   -1.4905405603761D+04  ;
   12.400000   -1.4905379168428D+04  ;
   12.425000   -1.4905353120483D+04  ;
   12.450000   -1.4905327453445D+04  ;
   12.475000   -1.4905302160959D+04  ;
   12.500000   -1.4905277236783D+04  ;
   12.525000   -1.4905252674795D+04  ;
   12.550000   -1.4905228468985D+04  ;
   12.575000   -1.4905204613455D+04  ;
   12.600000   -1.4905181102416D+04  ;
   12.625000   -1.4905157930187D+04  ;
   12.650000   -1.4905135091190D+04  ;
   12.675000   -1.4905112579950D+04  ;
   12.700000   -1.4905090391096D+04  ;
   12.725000   -1.4905068519350D+04  ;
   12.750000   -1.4905046959534D+04  ;
   12.775000   -1.4905025706566D+04  ;
   12.800000   -1.4905004755453D+04  ;
   12.825000   -1.4904984101296D+04  ;
   12.850000   -1.4904963739283D+04  ;
   12.875000   -1.4904943664690D+04  ;
   12.900000   -1.4904923872880D+04  ;
   12.925000   -1.4904904359299D+04  ;
   12.950000   -1.4904885119474D+04  ;
   12.975000   -1.4904866149013D+04  ;
   13.000000   -1.4904847443605D+04  ;
   13.025000   -1.4904828999013D+04  ;
   13.050000   -1.4904810811080D+04  ;
   13.075000   -1.4904792875719D+04  ;
   13.100000   -1.4904775188920D+04  ;
   13.125000   -1.4904757746741D+04  ;
   13.150000   -1.4904740545313D+04  ;
   13.175000   -1.4904723580833D+04  ;
   13.200000   -1.4904706849568D+04  ;
   13.225000   -1.4904690347850D+04  ;
   13.250000   -1.4904674072074D+04  ;
   13.275000   -1.4904658018702D+04  ;
   13.300000   -1.4904642184255D+04  ;
   13.325000   -1.4904626565317D+04  ;
   13.350000   -1.4904611158532D+04  ;
   13.375000   -1.4904595960600D+04  ;
   13.400000   -1.4904580968283D+04  ;
   13.425000   -1.4904566178395D+04  ;
   13.450000   -1.4904551587810D+04  ;
   13.475000   -1.4904537193451D+04  ;
   13.500000   -1.4904522992299D+04  ;
   13.525000   -1.4904508981385D+04  ;
   13.550000   -1.4904495157792D+04  ;
   13.575000   -1.4904481518652D+04  ;
   13.600000   -1.4904468061147D+04  ;
   13.625000   -1.4904454782510D+04  ;
   13.650000   -1.4904441680016D+04  ;
   13.675000   -1.4904428750992D+04  ;
   13.700000   -1.4904415992808D+04  ;
   13.725000   -1.4904403402878D+04  ;
   13.750000   -1.4904390978663D+04  ;
   13.775000   -1.4904378717664D+04  ;
   13.800000   -1.4904366617426D+04  ;
   13.825000   -1.4904354675536D+04  ;
   13.850000   -1.4904342889620D+04  ;
   13.875000   -1.4904331257345D+04  ;
   13.900000   -1.4904319776418D+04  ;
   13.925000   -1.4904308444584D+04  ;
   13.950000   -1.4904297259625D+04  ;
   13.975000   -1.4904286219361D+04  ;
   14.000000   -1.4904275321648D+04  ;
   14.025000   -1.4904264564379D+04  ;
   14.050000   -1.4904253945479D+04  ;
   14.075000   -1.4904243462911D+04  ;
   14.100000   -1.4904233114669D+04  ;
   14.125000   -1.4904222898783D+04  ;
   14.150000   -1.4904212813313D+04  ;
   14.175000   -1.4904202856353D+04  ;
   14.200000   -1.4904193026025D+04  ;
   14.225000   -1.4904183320487D+04  ;
   14.250000   -1.4904173737923D+04  ;
   14.275000   -1.4904164276549D+04  ;
   14.300000   -1.4904154934608D+04  ;
   14.325000   -1.4904145710374D+04  ;
   14.350000   -1.4904136602148D+04  ;
   14.375000   -1.4904127608259D+04  ;
   14.400000   -1.4904118727062D+04  ;
   14.425000   -1.4904109956940D+04  ;
   14.450000   -1.4904101296302D+04  ;
   14.475000   -1.4904092743581D+04  ;
   14.500000   -1.4904084297238D+04  ;
   14.525000   -1.4904075955757D+04  ;
   14.550000   -1.4904067717646D+04  ;
   14.575000   -1.4904059581438D+04  ;
   14.600000   -1.4904051545688D+04  ;
   14.625000   -1.4904043608977D+04  ;
   14.650000   -1.4904035769905D+04  ;
   14.675000   -1.4904028027096D+04  ;
   14.700000   -1.4904020379197D+04  ;
   14.725000   -1.4904012824874D+04  ;
   14.750000   -1.4904005362816D+04  ;
   14.775000   -1.4903997991732D+04  ;
   14.800000   -1.4903990710350D+04  ;
   14.825000   -1.4903983517422D+04  ;
   14.850000   -1.4903976411715D+04  ;
   14.875000   -1.4903969392018D+04  ;
   14.900000   -1.4903962457138D+04  ;
   14.925000   -1.4903955605901D+04  ;
   14.950000   -1.4903948837152D+04  ;
   14.975000   -1.4903942149753D+04  ;
   15.000000   -1.4903935542583D+04  ;
   15.025000   -1.4903929014540D+04  ;
   15.050000   -1.4903922564538D+04  ;
   15.075000   -1.4903916191509D+04  ;
   15.100000   -1.4903909894400D+04  ;
   15.125000   -1.4903903672175D+04  ;
   15.150000   -1.4903897523814D+04  ;
   15.175000   -1.4903891448312D+04  ;
   15.200000   -1.4903885444681D+04  ;
   15.225000   -1.4903879511946D+04  ;
   15.250000   -1.4903873649148D+04  ;
   15.275000   -1.4903867855343D+04  ;
   15.300000   -1.4903862129600D+04  ;
   15.325000   -1.4903856471004D+04  ;
   15.350000   -1.4903850878652D+04  ;
   15.375000   -1.4903845351657D+04  ;
   15.400000   -1.4903839889143D+04  ;
   15.425000   -1.4903834490248D+04  ;
   15.450000   -1.4903829154124D+04  ;
   15.475000   -1.4903823879934D+04  ;
   15.500000   -1.4903818666855D+04  ;
   15.525000   -1.4903813514076D+04  ;
   15.550000   -1.4903808420798D+04  ;
   15.575000   -1.4903803386234D+04  ;
   15.600000   -1.4903798409609D+04  ;
   15.625000   -1.4903793490158D+04  ;
   15.650000   -1.4903788627129D+04  ;
   15.675000   -1.4903783819781D+04  ;
   15.700000   -1.4903779067384D+04  ;
   15.725000   -1.4903774369218D+04  ;
   15.750000   -1.4903769724574D+04  ;
   15.775000   -1.4903765132754D+04  ;
   15.800000   -1.4903760593070D+04  ;
   15.825000   -1.4903756104843D+04  ;
   15.850000   -1.4903751667406D+04  ;
   15.875000   -1.4903747280100D+04  ;
   15.900000   -1.4903742942276D+04  ;
   15.925000   -1.4903738653295D+04  ;
   15.950000   -1.4903734412527D+04  ;
   15.975000   -1.4903730219352D+04  ;
   16.000000   -1.4903726073158D+04  ;
   16.025000   -1.4903721973341D+04  ;
   16.050000   -1.4903717919307D+04  ;
   16.075000   -1.4903713910472D+04  ;
   16.100000   -1.4903709946257D+04  ;
   16.125000   -1.4903706026094D+04  ;
   16.150000   -1.4903702149422D+04  ;
   16.175000   -1.4903698315689D+04  ;
   16.200000   -1.4903694524349D+04  ;
   16.225000   -1.4903690774866D+04  ;
   16.250000   -1.4903687066711D+04  ;
   16.275000   -1.4903683399362D+04  ;
   16.300000   -1.4903679772304D+04  ;
   16.325000   -1.4903676185031D+04  ;
   16.350000   -1.4903672637042D+04  ;
   16.375000   -1.4903669127846D+04  ;
   16.400000   -1.4903665656956D+04  ;
   16.425000   -1.4903662223893D+04  ;
   16.450000   -1.4903658828186D+04  ;
   16.475000   -1.4903655469368D+04  ;
   16.500000   -1.4903652146981D+04  ;
   16.525000   -1.4903648860572D+04  ;
   16.550000   -1.4903645609695D+04  ;
   16.575000   -1.4903642393910D+04  ;
   16.600000   -1.4903639212783D+04  ;
   16.625000   -1.4903636065887D+04  ;
   16.650000   -1.4903632952800D+04  ;
   16.675000   -1.4903629873105D+04  ;
   16.700000   -1.4903626826393D+04  ;
   16.725000   -1.4903623812258D+04  ;
   16.750000   -1.4903620830303D+04  ;
   16.775000   -1.4903617880133D+04  ;
   16.800000   -1.4903614961361D+04  ;
   16.825000   -1.4903612073604D+04  ;
   16.850000   -1.4903609216484D+04  ;
   16.875000   -1.4903606389630D+04  ;
   16.900000   -1.4903603592674D+04  ;
   16.925000   -1.4903600825254D+04  ;
   16.950000   -1.4903598087014D+04  ;
   16.975000   -1.4903595377599D+04  ;
   17.000000   -1.4903592696664D+04  ;
   17.025000   -1.4903590043866D+04  ;
   17.050000   -1.4903587418865D+04  ;
   17.075000   -1.4903584821330D+04  ;
   17.100000   -1.4903582250930D+04  ;
   17.125000   -1.4903579707341D+04  ;
   17.150000   -1.4903577190243D+04  ;
   17.175000   -1.4903574699320D+04  ;
   17.200000   -1.4903572234260D+04  ;
   17.225000   -1.4903569794756D+04  ;
   17.250000   -1.4903567380504D+04  ;
   17.275000   -1.4903564991206D+04  ;
   17.300000   -1.4903562626566D+04  ;
   17.325000   -1.4903560286292D+04  ;
   17.350000   -1.4903557970097D+04  ;
   17.375000   -1.4903555677697D+04  ;
   17.400000   -1.4903553408813D+04  ;
   17.425000   -1.4903551163168D+04  ;
   17.450000   -1.4903548940490D+04  ;
   17.475000   -1.4903546740509D+04  ;
   17.500000   -1.4903544562962D+04  ;
   17.525000   -1.4903542407584D+04  ;
   17.550000   -1.4903540274119D+04  ;
   17.575000   -1.4903538162311D+04  ;
   17.600000   -1.4903536071908D+04  ;
   17.625000   -1.4903534002663D+04  ;
   17.650000   -1.4903531954329D+04  ;
   17.675000   -1.4903529926665D+04  ;
   17.700000   -1.4903527919432D+04  ;
   17.725000   -1.4903525932394D+04  ;
   17.750000   -1.4903523965320D+04  ;
   17.775000   -1.4903522017978D+04  ;
   17.800000   -1.4903520090144D+04  ;
   17.825000   -1.4903518181592D+04  ;
   17.850000   -1.4903516292102D+04  ;
   17.875000   -1.4903514421456D+04  ;
   17.900000   -1.4903512569440D+04  ;
   17.925000   -1.4903510735839D+04  ;
   17.950000   -1.4903508920446D+04  ;
   17.975000   -1.4903507123053D+04  ;
   18.000000   -1.4903505343456D+04  ;
   18.025000   -1.4903503581453D+04  ;
   18.050000   -1.4903501836844D+04  ;
   18.075000   -1.4903500109434D+04  ;
   18.100000   -1.4903498399028D+04  ;
   18.125000   -1.4903496705435D+04  ;
   18.150000   -1.4903495028465D+04  ;
   18.175000   -1.4903493367932D+04  ;
   18.200000   -1.4903491723652D+04  ;
   18.225000   -1.4903490095441D+04  ;
   18.250000   -1.4903488483121D+04  ;
   18.275000   -1.4903486886514D+04  ;
   18.300000   -1.4903485305444D+04  ;
   18.325000   -1.4903483739739D+04  ;
   18.350000   -1.4903482189228D+04  ;
   18.375000   -1.4903480653741D+04  ;
   18.400000   -1.4903479133113D+04  ;
   18.425000   -1.4903477627178D+04  ;
   18.450000   -1.4903476135775D+04  ;
   18.475000   -1.4903474658742D+04  ;
   18.500000   -1.4903473195922D+04  ;
   18.525000   -1.4903471747157D+04  ;
   18.550000   -1.4903470312293D+04  ;
   18.575000   -1.4903468891178D+04  ;
   18.600000   -1.4903467483660D+04  ;
   18.625000   -1.4903466089591D+04  ;
   18.650000   -1.4903464708824D+04  ;
   18.675000   -1.4903463341213D+04  ;
   18.700000   -1.4903461986614D+04  ;
   18.725000   -1.4903460644888D+04  ;
   18.750000   -1.4903459315892D+04  ;
   18.775000   -1.4903457999489D+04  ;
   18.800000   -1.4903456695543D+04  ;
   18.825000   -1.4903455403918D+04  ;
   18.850000   -1.4903454124482D+04  ;
   18.875000   -1.4903452857102D+04  ;
   18.900000   -1.4903451601649D+04  ;
   18.925000   -1.4903450357994D+04  ;
   18.950000   -1.4903449126010D+04  ;
   18.975000   -1.4903447905572D+04  ;
   19.000000   -1.4903446696556D+04  ;
   19.025000   -1.4903445498840D+04  ;
   19.050000   -1.4903444312303D+04  ;
   19.075000   -1.4903443136826D+04  ;
   19.100000   -1.4903441972289D+04  ;
   19.125000   -1.4903440818578D+04  ;
   19.150000   -1.4903439675577D+04  ;
   19.175000   -1.4903438543171D+04  ;
   19.200000   -1.4903437421250D+04  ;
   19.225000   -1.4903436309700D+04  ;
   19.250000   -1.4903435208414D+04  ;
   19.275000   -1.4903434117282D+04  ;
   19.300000   -1.4903433036197D+04  ;
   19.325000   -1.4903431965054D+04  ;
   19.350000   -1.4903430903747D+04  ;
   19.375000   -1.4903429852174D+04  ;
   19.400000   -1.4903428810232D+04  ;
   19.425000   -1.4903427777820D+04  ;
   19.450000   -1.4903426754839D+04  ;
   19.475000   -1.4903425741190D+04  ;
   19.500000   -1.4903424736775D+04  ;
   19.525000   -1.4903423741499D+04  ;
   19.550000   -1.4903422755266D+04  ;
   19.575000   -1.4903421777982D+04  ;
   19.600000   -1.4903420809554D+04  ;
   19.625000   -1.4903419849891D+04  ;
   19.650000   -1.4903418898901D+04  ;
   19.675000   -1.4903417956495D+04  ;
   19.700000   -1.4903417022584D+04  ;
   19.725000   -1.4903416097081D+04  ;
   19.750000   -1.4903415179899D+04  ;
   19.775000   -1.4903414270953D+04  ;
   19.800000   -1.4903413370157D+04  ;
   19.825000   -1.4903412477428D+04  ;
   19.850000   -1.4903411592684D+04  ;
   19.875000   -1.4903410715843D+04  ;
   19.900000   -1.4903409846824D+04  ;
   19.925000   -1.4903408985547D+04  ;
   19.950000   -1.4903408131933D+04  ;
   19.975000   -1.4903407285905D+04  ;
   20.000000   -1.4903406447385D+04  ;
   20.025000   -1.4903405616296D+04  ;
   20.050000   -1.4903404792564D+04  ;
   20.075000   -1.4903403976115D+04  ;
   20.100000   -1.4903403166873D+04  ;
   20.125000   -1.4903402364767D+04  ;
   20.150000   -1.4903401569725D+04  ;
   20.175000   -1.4903400781675D+04  ;
   20.200000   -1.4903400000548D+04  ;
   20.225000   -1.4903399226272D+04  ;
   20.250000   -1.4903398458781D+04  ;
   20.275000   -1.4903397698005D+04  ;
   20.300000   -1.4903396943878D+04  ;
   20.325000   -1.4903396196332D+04  ;
   20.350000   -1.4903395455303D+04  ;
   20.375000   -1.4903394720725D+04  ;
   20.400000   -1.4903393992535D+04  ;
   20.425000   -1.4903393270667D+04  ;
   20.450000   -1.4903392555061D+04  ;
   20.475000   -1.4903391845653D+04  ;
   20.500000   -1.4903391142382D+04  ;
   20.525000   -1.4903390445187D+04  ;
   20.550000   -1.4903389754009D+04  ;
   20.575000   -1.4903389068788D+04  ;
   20.600000   -1.4903388389465D+04  ;
   20.625000   -1.4903387715982D+04  ;
   20.650000   -1.4903387048282D+04  ;
   20.675000   -1.4903386386308D+04  ;
   20.700000   -1.4903385730003D+04  ;
   20.725000   -1.4903385079313D+04  ;
   20.750000   -1.4903384434182D+04  ;
   20.775000   -1.4903383794555D+04  ;
   20.800000   -1.4903383160380D+04  ;
   20.825000   -1.4903382531603D+04  ;
   20.850000   -1.4903381908171D+04  ;
   20.875000   -1.4903381290033D+04  ;
   20.900000   -1.4903380677137D+04  ;
   20.925000   -1.4903380069432D+04  ;
   20.950000   -1.4903379466868D+04  ;
   20.975000   -1.4903378869394D+04  ;
   21.000000   -1.4903378276963D+04  ;
   21.025000   -1.4903377689526D+04  ;
   21.050000   -1.4903377107033D+04  ;
   21.075000   -1.4903376529438D+04  ;
   21.100000   -1.4903375956693D+04  ;
   21.125000   -1.4903375388752D+04  ;
   21.150000   -1.4903374825568D+04  ;
   21.175000   -1.4903374267097D+04  ;
   21.200000   -1.4903373713293D+04  ;
   21.225000   -1.4903373164111D+04  ;
   21.250000   -1.4903372619507D+04  ;
   21.275000   -1.4903372079439D+04  ;
   21.300000   -1.4903371543861D+04  ;
   21.325000   -1.4903371012732D+04  ;
   21.350000   -1.4903370486010D+04  ;
   21.375000   -1.4903369963652D+04  ;
   21.400000   -1.4903369445618D+04  ;
   21.425000   -1.4903368931865D+04  ;
   21.450000   -1.4903368422355D+04  ;
   21.475000   -1.4903367917046D+04  ;
   21.500000   -1.4903367415900D+04  ;
   21.525000   -1.4903366918876D+04  ;
   21.550000   -1.4903366425937D+04  ;
   21.575000   -1.4903365937043D+04  ;
   21.600000   -1.4903365452157D+04  ;
   21.625000   -1.4903364971241D+04  ;
   21.650000   -1.4903364494258D+04  ;
   21.675000   -1.4903364021171D+04  ;
   21.700000   -1.4903363551944D+04  ;
   21.725000   -1.4903363086541D+04  ;
   21.750000   -1.4903362624926D+04  ;
   21.775000   -1.4903362167064D+04  ;
   21.800000   -1.4903361712920D+04  ;
   21.825000   -1.4903361262459D+04  ;
   21.850000   -1.4903360815648D+04  ;
   21.875000   -1.4903360372452D+04  ;
   21.900000   -1.4903359932838D+04  ;
   21.925000   -1.4903359496773D+04  ;
   21.950000   -1.4903359064224D+04  ;
   21.975000   -1.4903358635158D+04  ;
   22.000000   -1.4903358209545D+04  ;
   22.025000   -1.4903357787351D+04  ;
   22.050000   -1.4903357368545D+04  ;
   22.075000   -1.4903356953097D+04  ;
   22.100000   -1.4903356540975D+04  ;
   22.125000   -1.4903356132150D+04  ;
   22.150000   -1.4903355726590D+04  ;
   22.175000   -1.4903355324266D+04  ;
   22.200000   -1.4903354925149D+04  ;
   22.225000   -1.4903354529209D+04  ;
   22.250000   -1.4903354136418D+04  ;
   22.275000   -1.4903353746746D+04  ;
   22.300000   -1.4903353360166D+04  ;
   22.325000   -1.4903352976649D+04  ;
   22.350000   -1.4903352596168D+04  ;
   22.375000   -1.4903352218694D+04  ;
   22.400000   -1.4903351844202D+04  ;
   22.425000   -1.4903351472664D+04  ;
   22.450000   -1.4903351104053D+04  ;
   22.475000   -1.4903350738343D+04  ;
   22.500000   -1.4903350375507D+04  ;
   22.525000   -1.4903350015521D+04  ;
   22.550000   -1.4903349658358D+04  ;
   22.575000   -1.4903349303994D+04  ;
   22.600000   -1.4903348952402D+04  ;
   22.625000   -1.4903348603559D+04  ;
   22.650000   -1.4903348257439D+04  ;
   22.675000   -1.4903347914018D+04  ;
   22.700000   -1.4903347573273D+04  ;
   22.725000   -1.4903347235179D+04  ;
   22.750000   -1.4903346899713D+04  ;
   22.775000   -1.4903346566852D+04  ;
   22.800000   -1.4903346236572D+04  ;
   22.825000   -1.4903345908850D+04  ;
   22.850000   -1.4903345583664D+04  ;
   22.875000   -1.4903345260991D+04  ;
   22.900000   -1.4903344940810D+04  ;
   22.925000   -1.4903344623097D+04  ;
   22.950000   -1.4903344307832D+04  ;
   22.975000   -1.4903343994993D+04  ;
   23.000000   -1.4903343684558D+04  ;
   23.025000   -1.4903343376507D+04  ;
   23.050000   -1.4903343070817D+04  ;
   23.075000   -1.4903342767470D+04  ;
   23.100000   -1.4903342466444D+04  ;
   23.125000   -1.4903342167718D+04  ;
   23.150000   -1.4903341871274D+04  ;
   23.175000   -1.4903341577090D+04  ;
   23.200000   -1.4903341285147D+04  ;
   23.225000   -1.4903340995426D+04  ;
   23.250000   -1.4903340707907D+04  ;
   23.275000   -1.4903340422571D+04  ;
   23.300000   -1.4903340139399D+04  ;
   23.325000   -1.4903339858373D+04  ;
   23.350000   -1.4903339579473D+04  ;
   23.375000   -1.4903339302682D+04  ;
   23.400000   -1.4903339027981D+04  ;
   23.425000   -1.4903338755352D+04  ;
   23.450000   -1.4903338484778D+04  ;
   23.475000   -1.4903338216240D+04  ;
   23.500000   -1.4903337949721D+04  ;
   23.525000   -1.4903337685203D+04  ;
   23.550000   -1.4903337422670D+04  ;
   23.575000   -1.4903337162105D+04  ;
   23.600000   -1.4903336903490D+04  ;
   23.625000   -1.4903336646809D+04  ;
   23.650000   -1.4903336392045D+04  ;
   23.675000   -1.4903336139182D+04  ;
   23.700000   -1.4903335888204D+04  ;
   23.725000   -1.4903335639095D+04  ;
   23.750000   -1.4903335391838D+04  ;
   23.775000   -1.4903335146418D+04  ;
   23.800000   -1.4903334902820D+04  ;
   23.825000   -1.4903334661028D+04  ;
   23.850000   -1.4903334421026D+04  ;
   23.875000   -1.4903334182800D+04  ;
   23.900000   -1.4903333946334D+04  ;
   23.925000   -1.4903333711614D+04  ;
   23.950000   -1.4903333478625D+04  ;
   23.975000   -1.4903333247352D+04  ;
   24.000000   -1.4903333017781D+04  ;
   24.025000   -1.4903332789897D+04  ;
   24.050000   -1.4903332563687D+04  ;
   24.075000   -1.4903332339135D+04  ;
   24.100000   -1.4903332116229D+04  ;
   24.125000   -1.4903331894955D+04  ;
   24.150000   -1.4903331675299D+04  ;
   24.175000   -1.4903331457247D+04  ;
   24.200000   -1.4903331240785D+04  ;
   24.225000   -1.4903331025902D+04  ;
   24.250000   -1.4903330812583D+04  ;
   24.275000   -1.4903330600816D+04  ;
   24.300000   -1.4903330390587D+04  ;
   24.325000   -1.4903330181884D+04  ;
   24.350000   -1.4903329974694D+04  ;
   24.375000   -1.4903329769005D+04  ;
   24.400000   -1.4903329564804D+04  ;
   24.425000   -1.4903329362079D+04  ;
   24.450000   -1.4903329160817D+04  ;
   24.475000   -1.4903328961007D+04  ;
   24.500000   -1.4903328762637D+04  ;
   24.525000   -1.4903328565695D+04  ;
   24.550000   -1.4903328370168D+04  ;
   24.575000   -1.4903328176046D+04  ;
   24.600000   -1.4903327983317D+04  ;
   24.625000   -1.4903327791969D+04  ;
   24.650000   -1.4903327601992D+04  ;
   24.675000   -1.4903327413373D+04  ;
   24.700000   -1.4903327226102D+04  ;
   24.725000   -1.4903327040167D+04  ;
   24.750000   -1.4903326855559D+04  ;
   24.775000   -1.4903326672266D+04  ;
   24.800000   -1.4903326490277D+04  ;
   24.825000   -1.4903326309581D+04  ;
   24.850000   -1.4903326130169D+04  ;
   24.875000   -1.4903325952030D+04  ;
   24.900000   -1.4903325775153D+04  ;
   24.925000   -1.4903325599528D+04  ;
   24.950000   -1.4903325425145D+04  ;
   24.975000   -1.4903325251995D+04  ;
   25.000000   -1.4903325080066D+04  ;
   25.025000   -1.4903324909350D+04  ;
   25.050000   -1.4903324739836D+04  ;
   25.075000   -1.4903324571515D+04  ;
   25.100000   -1.4903324404377D+04  ;
   25.125000   -1.4903324238413D+04  ;
   25.150000   -1.4903324073613D+04  ;
   25.175000   -1.4903323909968D+04  ;
   25.200000   -1.4903323747469D+04  ;
   25.225000   -1.4903323586106D+04  ;
   25.250000   -1.4903323425870D+04  ;
   25.275000   -1.4903323266753D+04  ;
   25.300000   -1.4903323108746D+04  ;
   25.325000   -1.4903322951839D+04  ;
   25.350000   -1.4903322796023D+04  ;
   25.375000   -1.4903322641291D+04  ;
   25.400000   -1.4903322487634D+04  ;
   25.425000   -1.4903322335043D+04  ;
   25.450000   -1.4903322183509D+04  ;
   25.475000   -1.4903322033024D+04  ;
   25.500000   -1.4903321883580D+04  ;
   25.525000   -1.4903321735169D+04  ;
   25.550000   -1.4903321587783D+04  ;
   25.575000   -1.4903321441412D+04  ;
   25.600000   -1.4903321296051D+04  ;
   25.625000   -1.4903321151689D+04  ;
   25.650000   -1.4903321008320D+04  ;
   25.675000   -1.4903320865937D+04  ;
   25.700000   -1.4903320724530D+04  ;
   25.725000   -1.4903320584092D+04  ;
   25.750000   -1.4903320444616D+04  ;
   25.775000   -1.4903320306095D+04  ;
   25.800000   -1.4903320168520D+04  ;
   25.825000   -1.4903320031885D+04  ;
   25.850000   -1.4903319896181D+04  ;
   25.875000   -1.4903319761403D+04  ;
   25.900000   -1.4903319627542D+04  ;
   25.925000   -1.4903319494591D+04  ;
   25.950000   -1.4903319362544D+04  ;
   25.975000   -1.4903319231394D+04  ;
   26.000000   -1.4903319101132D+04  ;
   26.025000   -1.4903318971753D+04  ;
   26.050000   -1.4903318843250D+04  ;
   26.075000   -1.4903318715616D+04  ;
   26.100000   -1.4903318588843D+04  ;
   26.125000   -1.4903318462927D+04  ;
   26.150000   -1.4903318337859D+04  ;
   26.175000   -1.4903318213634D+04  ;
   26.200000   -1.4903318090244D+04  ;
   26.225000   -1.4903317967684D+04  ;
   26.250000   -1.4903317845947D+04  ;
   26.275000   -1.4903317725027D+04  ;
   26.300000   -1.4903317604917D+04  ;
   26.325000   -1.4903317485611D+04  ;
   26.350000   -1.4903317367104D+04  ;
   26.375000   -1.4903317249389D+04  ;
   26.400000   -1.4903317132459D+04  ;
   26.425000   -1.4903317016310D+04  ;
   26.450000   -1.4903316900934D+04  ;
   26.475000   -1.4903316786327D+04  ;
   26.500000   -1.4903316672482D+04  ;
   26.525000   -1.4903316559393D+04  ;
   26.550000   -1.4903316447056D+04  ;
   26.575000   -1.4903316335463D+04  ;
   26.600000   -1.4903316224610D+04  ;
   26.625000   -1.4903316114490D+04  ;
   26.650000   -1.4903316005099D+04  ;
   26.675000   -1.4903315896430D+04  ;
   26.700000   -1.4903315788479D+04  ;
   26.725000   -1.4903315681239D+04  ;
   26.750000   -1.4903315574706D+04  ;
   26.775000   -1.4903315468874D+04  ;
   26.800000   -1.4903315363738D+04  ;
   26.825000   -1.4903315259293D+04  ;
   26.850000   -1.4903315155533D+04  ;
   26.875000   -1.4903315052454D+04  ;
   26.900000   -1.4903314950049D+04  ;
   26.925000   -1.4903314848315D+04  ;
   26.950000   -1.4903314747246D+04  ;
   26.975000   -1.4903314646837D+04  ;
   27.000000   -1.4903314547084D+04  ;
   27.025000   -1.4903314447981D+04  ;
   27.050000   -1.4903314349523D+04  ;
   27.075000   -1.4903314251706D+04  ;
   27.100000   -1.4903314154526D+04  ;
   27.125000   -1.4903314057976D+04  ;
   27.150000   -1.4903313962053D+04  ;
   27.175000   -1.4903313866751D+04  ;
   27.200000   -1.4903313772068D+04  ;
   27.225000   -1.4903313677996D+04  ;
   27.250000   -1.4903313584533D+04  ;
   27.275000   -1.4903313491674D+04  ;
   27.300000   -1.4903313399414D+04  ;
   27.325000   -1.4903313307748D+04  ;
   27.350000   -1.4903313216673D+04  ;
   27.375000   -1.4903313126184D+04  ;
   27.400000   -1.4903313036277D+04  ;
   27.425000   -1.4903312946948D+04  ;
   27.450000   -1.4903312858191D+04  ;
   27.475000   -1.4903312770004D+04  ;
   27.500000   -1.4903312682381D+04  ;
   27.525000   -1.4903312595320D+04  ;
   27.550000   -1.4903312508815D+04  ;
   27.575000   -1.4903312422862D+04  ;
   27.600000   -1.4903312337458D+04  ;
   27.625000   -1.4903312252599D+04  ;
   27.650000   -1.4903312168280D+04  ;
   27.675000   -1.4903312084497D+04  ;
   27.700000   -1.4903312001248D+04  ;
   27.725000   -1.4903311918527D+04  ;
   27.750000   -1.4903311836331D+04  ;
   27.775000   -1.4903311754657D+04  ;
   27.800000   -1.4903311673500D+04  ;
   27.825000   -1.4903311592856D+04  ;
   27.850000   -1.4903311512723D+04  ;
   27.875000   -1.4903311433095D+04  ;
   27.900000   -1.4903311353971D+04  ;
   27.925000   -1.4903311275345D+04  ;
   27.950000   -1.4903311197215D+04  ;
   27.975000   -1.4903311119577D+04  ;
   28.000000   -1.4903311042427D+04  ;
   28.025000   -1.4903310965761D+04  ;
   28.050000   -1.4903310889577D+04  ;
   28.075000   -1.4903310813871D+04  ;
   28.100000   -1.4903310738639D+04  ;
   28.125000   -1.4903310663878D+04  ;
   28.150000   -1.4903310589585D+04  ;
   28.175000   -1.4903310515756D+04  ;
   28.200000   -1.4903310442388D+04  ;
   28.225000   -1.4903310369478D+04  ;
   28.250000   -1.4903310297022D+04  ;
   28.275000   -1.4903310225018D+04  ;
   28.300000   -1.4903310153461D+04  ;
   28.325000   -1.4903310082349D+04  ;
   28.350000   -1.4903310011679D+04  ;
   28.375000   -1.4903309941448D+04  ;
   28.400000   -1.4903309871651D+04  ;
   28.425000   -1.4903309802287D+04  ;
   28.450000   -1.4903309733353D+04  ;
   28.475000   -1.4903309664844D+04  ;
   28.500000   -1.4903309596759D+04  ;
   28.525000   -1.4903309529093D+04  ;
   28.550000   -1.4903309461846D+04  ;
   28.575000   -1.4903309395012D+04  ;
   28.600000   -1.4903309328590D+04  ;
   28.625000   -1.4903309262576D+04  ;
   28.650000   -1.4903309196968D+04  ;
   28.675000   -1.4903309131762D+04  ;
   28.700000   -1.4903309066957D+04  ;
   28.725000   -1.4903309002549D+04  ;
   28.750000   -1.4903308938535D+04  ;
   28.775000   -1.4903308874912D+04  ;
   28.800000   -1.4903308811679D+04  ;
   28.825000   -1.4903308748831D+04  ;
   28.850000   -1.4903308686368D+04  ;
   28.875000   -1.4903308624284D+04  ;
   28.900000   -1.4903308562579D+04  ;
   28.925000   -1.4903308501250D+04  ;
   28.950000   -1.4903308440293D+04  ;
   28.975000   -1.4903308379707D+04  ;
   29.000000   -1.4903308319488D+04  ;
   29.025000   -1.4903308259634D+04  ;
   29.050000   -1.4903308200144D+04  ;
   29.075000   -1.4903308141013D+04  ;
   29.100000   -1.4903308082240D+04  ;
   29.125000   -1.4903308023822D+04  ;
   29.150000   -1.4903307965756D+04  ;
   29.175000   -1.4903307908041D+04  ;
   29.200000   -1.4903307850674D+04  ;
   29.225000   -1.4903307793652D+04  ;
   29.250000   -1.4903307736974D+04  ;
   29.275000   -1.4903307680636D+04  ;
   29.300000   -1.4903307624636D+04  ;
   29.325000   -1.4903307568972D+04  ;
   29.350000   -1.4903307513643D+04  ;
   29.375000   -1.4903307458644D+04  ;
   29.400000   -1.4903307403975D+04  ;
   29.425000   -1.4903307349633D+04  ;
   29.450000   -1.4903307295615D+04  ;
   29.475000   -1.4903307241920D+04  ;
   29.500000   -1.4903307188546D+04  ;
   29.525000   -1.4903307135489D+04  ;
   29.550000   -1.4903307082748D+04  ;
   29.575000   -1.4903307030321D+04  ;
   29.600000   -1.4903306978206D+04  ;
   29.625000   -1.4903306926400D+04  ;
   29.650000   -1.4903306874902D+04  ;
   29.675000   -1.4903306823709D+04  ;
   29.700000   -1.4903306772820D+04  ;
   29.725000   -1.4903306722231D+04  ;
   29.750000   -1.4903306671942D+04  ;
   29.775000   -1.4903306621950D+04  ;
   29.800000   -1.4903306572253D+04  ;
   29.825000   -1.4903306522849D+04  ;
   29.850000   -1.4903306473736D+04  ;
   29.875000   -1.4903306424913D+04  ;
   29.900000   -1.4903306376377D+04  ;
   29.925000   -1.4903306328126D+04  ;
   29.950000   -1.4903306280159D+04  ;
   29.975000   -1.4903306232473D+04  ;
   30.000000   -1.4903306185067D+04  ;
   30.025000   -1.4903306137938D+04  ;
   30.050000   -1.4903306091086D+04  ;
   30.075000   -1.4903306044507D+04  ;
   30.100000   -1.4903305998201D+04  ;
   30.125000   -1.4903305952165D+04  ;
   30.150000   -1.4903305906398D+04  ;
   30.175000   -1.4903305860898D+04  ;
   30.200000   -1.4903305815662D+04  ;
   30.225000   -1.4903305770690D+04  ;
   30.250000   -1.4903305725980D+04  ;
   30.275000   -1.4903305681529D+04  ;
   30.300000   -1.4903305637336D+04  ;
   30.325000   -1.4903305593400D+04  ;
   30.350000   -1.4903305549718D+04  ;
   30.375000   -1.4903305506289D+04  ;
   30.400000   -1.4903305463111D+04  ;
   30.425000   -1.4903305420183D+04  ;
   30.450000   -1.4903305377504D+04  ;
   30.475000   -1.4903305335070D+04  ;
   30.500000   -1.4903305292881D+04  ;
   30.525000   -1.4903305250935D+04  ;
   30.550000   -1.4903305209231D+04  ;
   30.575000   -1.4903305167766D+04  ;
   30.600000   -1.4903305126540D+04  ;
   30.625000   -1.4903305085551D+04  ;
   30.650000   -1.4903305044797D+04  ;
   30.675000   -1.4903305004276D+04  ;
   30.700000   -1.4903304963988D+04  ;
   30.725000   -1.4903304923930D+04  ;
   30.750000   -1.4903304884101D+04  ;
   30.775000   -1.4903304844500D+04  ;
   30.800000   -1.4903304805125D+04  ;
   30.825000   -1.4903304765975D+04  ;
   30.850000   -1.4903304727048D+04  ;
   30.875000   -1.4903304688343D+04  ;
   30.900000   -1.4903304649858D+04  ;
   30.925000   -1.4903304611591D+04  ;
   30.950000   -1.4903304573542D+04  ;
   30.975000   -1.4903304535710D+04  ;
   31.000000   -1.4903304498091D+04  ;
   31.025000   -1.4903304460686D+04  ;
   31.050000   -1.4903304423493D+04  ;
   31.075000   -1.4903304386511D+04  ;
   31.100000   -1.4903304349737D+04  ;
   31.125000   -1.4903304313171D+04  ;
   31.150000   -1.4903304276812D+04  ;
   31.175000   -1.4903304240658D+04  ;
   31.200000   -1.4903304204707D+04  ;
   31.225000   -1.4903304168959D+04  ;
   31.250000   -1.4903304133412D+04  ;
   31.275000   -1.4903304098065D+04  ;
   31.300000   -1.4903304062916D+04  ;
   31.325000   -1.4903304027965D+04  ;
   31.350000   -1.4903303993210D+04  ;
   31.375000   -1.4903303958649D+04  ;
   31.400000   -1.4903303924282D+04  ;
   31.425000   -1.4903303890108D+04  ;
   31.450000   -1.4903303856124D+04  ;
   31.475000   -1.4903303822330D+04  ;
   31.500000   -1.4903303788725D+04  ;
   31.525000   -1.4903303755307D+04  ;
   31.550000   -1.4903303722076D+04  ;
   31.575000   -1.4903303689029D+04  ;
   31.600000   -1.4903303656167D+04  ;
   31.625000   -1.4903303623487D+04  ;
   31.650000   -1.4903303590988D+04  ;
   31.675000   -1.4903303558670D+04  ;
   31.700000   -1.4903303526532D+04  ;
   31.725000   -1.4903303494571D+04  ;
   31.750000   -1.4903303462787D+04  ;
   31.775000   -1.4903303431179D+04  ;
   31.800000   -1.4903303399746D+04  ;
   31.825000   -1.4903303368487D+04  ;
   31.850000   -1.4903303337400D+04  ;
   31.875000   -1.4903303306484D+04  ;
   31.900000   -1.4903303275739D+04  ;
   31.925000   -1.4903303245163D+04  ;
   31.950000   -1.4903303214756D+04  ;
   31.975000   -1.4903303184515D+04  ;
   32.000000   -1.4903303154441D+04  ;
   32.025000   -1.4903303124531D+04  ;
   32.050000   -1.4903303094786D+04  ;
   32.075000   -1.4903303065204D+04  ;
   32.100000   -1.4903303035784D+04  ;
   32.125000   -1.4903303006525D+04  ;
   32.150000   -1.4903302977425D+04  ;
   32.175000   -1.4903302948485D+04  ;
   32.200000   -1.4903302919703D+04  ;
   32.225000   -1.4903302891077D+04  ;
   32.250000   -1.4903302862608D+04  ;
   32.275000   -1.4903302834294D+04  ;
   32.300000   -1.4903302806134D+04  ;
   32.325000   -1.4903302778127D+04  ;
   32.350000   -1.4903302750272D+04  ;
   32.375000   -1.4903302722568D+04  ;
   32.400000   -1.4903302695015D+04  ;
   32.425000   -1.4903302667611D+04  ;
   32.450000   -1.4903302640355D+04  ;
   32.475000   -1.4903302613247D+04  ;
   32.500000   -1.4903302586285D+04  ;
   32.525000   -1.4903302559470D+04  ;
   32.550000   -1.4903302532799D+04  ;
   32.575000   -1.4903302506271D+04  ;
   32.600000   -1.4903302479887D+04  ;
   32.625000   -1.4903302453645D+04  ;
   32.650000   -1.4903302427545D+04  ;
   32.675000   -1.4903302401584D+04  ;
   32.700000   -1.4903302375763D+04  ;
   32.725000   -1.4903302350081D+04  ;
   32.750000   -1.4903302324537D+04  ;
   32.775000   -1.4903302299130D+04  ;
   32.800000   -1.4903302273858D+04  ;
   32.825000   -1.4903302248722D+04  ;
   32.850000   -1.4903302223721D+04  ;
   32.875000   -1.4903302198853D+04  ;
   32.900000   -1.4903302174118D+04  ;
   32.925000   -1.4903302149515D+04  ;
   32.950000   -1.4903302125043D+04  ;
   32.975000   -1.4903302100702D+04  ;
   33.000000   -1.4903302076490D+04  ;
   33.025000   -1.4903302052407D+04  ;
   33.050000   -1.4903302028452D+04  ;
   33.075000   -1.4903302004625D+04  ;
   33.100000   -1.4903301980924D+04  ;
   33.125000   -1.4903301957348D+04  ;
   33.150000   -1.4903301933898D+04  ;
   33.175000   -1.4903301910572D+04  ;
   33.200000   -1.4903301887369D+04  ;
   33.225000   -1.4903301864289D+04  ;
   33.250000   -1.4903301841331D+04  ;
   33.275000   -1.4903301818494D+04  ;
   33.300000   -1.4903301795778D+04  ;
   33.325000   -1.4903301773181D+04  ;
   33.350000   -1.4903301750704D+04  ;
   33.375000   -1.4903301728345D+04  ;
   33.400000   -1.4903301706103D+04  ;
   33.425000   -1.4903301683979D+04  ;
   33.450000   -1.4903301661970D+04  ;
   33.475000   -1.4903301640077D+04  ;
   33.500000   -1.4903301618299D+04  ;
   33.525000   -1.4903301596635D+04  ;
   33.550000   -1.4903301575085D+04  ;
   33.575000   -1.4903301553647D+04  ;
   33.600000   -1.4903301532321D+04  ;
   33.625000   -1.4903301511107D+04  ;
   33.650000   -1.4903301490004D+04  ;
   33.675000   -1.4903301469011D+04  ;
   33.700000   -1.4903301448127D+04  ;
   33.725000   -1.4903301427352D+04  ;
   33.750000   -1.4903301406685D+04  ;
   33.775000   -1.4903301386125D+04  ;
   33.800000   -1.4903301365673D+04  ;
   33.825000   -1.4903301345326D+04  ;
   33.850000   -1.4903301325086D+04  ;
   33.875000   -1.4903301304950D+04  ;
   33.900000   -1.4903301284918D+04  ;
   33.925000   -1.4903301264991D+04  ;
   33.950000   -1.4903301245166D+04  ;
   33.975000   -1.4903301225444D+04  ;
   34.000000   -1.4903301205824D+04  ;
   34.025000   -1.4903301186305D+04  ;
   34.050000   -1.4903301166887D+04  ;
   34.075000   -1.4903301147569D+04  ;
   34.100000   -1.4903301128350D+04  ;
   34.125000   -1.4903301109231D+04  ;
   34.150000   -1.4903301090209D+04  ;
   34.175000   -1.4903301071286D+04  ;
   34.200000   -1.4903301052460D+04  ;
   34.225000   -1.4903301033730D+04  ;
   34.250000   -1.4903301015096D+04  ;
   34.275000   -1.4903300996558D+04  ;
   34.300000   -1.4903300978115D+04  ;
   34.325000   -1.4903300959766D+04  ;
   34.350000   -1.4903300941511D+04  ;
   34.375000   -1.4903300923350D+04  ;
   34.400000   -1.4903300905281D+04  ;
   34.425000   -1.4903300887304D+04  ;
   34.450000   -1.4903300869419D+04  ;
   34.475000   -1.4903300851625D+04  ;
   34.500000   -1.4903300833922D+04  ;
   34.525000   -1.4903300816308D+04  ;
   34.550000   -1.4903300798784D+04  ;
   34.575000   -1.4903300781350D+04  ;
   34.600000   -1.4903300764004D+04  ;
   34.625000   -1.4903300746745D+04  ;
   34.650000   -1.4903300729575D+04  ;
   34.675000   -1.4903300712491D+04  ;
   34.700000   -1.4903300695494D+04  ;
   34.725000   -1.4903300678582D+04  ;
   34.750000   -1.4903300661756D+04  ;
   34.775000   -1.4903300645015D+04  ;
   34.800000   -1.4903300628359D+04  ;
   34.825000   -1.4903300611787D+04  ;
   34.850000   -1.4903300595298D+04  ;
   34.875000   -1.4903300578892D+04  ;
   34.900000   -1.4903300562569D+04  ;
   34.925000   -1.4903300546328D+04  ;
   34.950000   -1.4903300530168D+04  ;
   34.975000   -1.4903300514090D+04  ;
   35.000000   -1.4903300498092D+04  ;
   35.025000   -1.4903300482174D+04  ;
   35.050000   -1.4903300466337D+04  ;
   35.075000   -1.4903300450578D+04  ;
   35.100000   -1.4903300434899D+04  ;
   35.125000   -1.4903300419297D+04  ;
   35.150000   -1.4903300403774D+04  ;
   35.175000   -1.4903300388328D+04  ;
   35.200000   -1.4903300372960D+04  ;
   35.225000   -1.4903300357667D+04  ;
   35.250000   -1.4903300342452D+04  ;
   35.275000   -1.4903300327311D+04  ;
   35.300000   -1.4903300312247D+04  ;
   35.325000   -1.4903300297257D+04  ;
   35.350000   -1.4903300282341D+04  ;
   35.375000   -1.4903300267500D+04  ;
   35.400000   -1.4903300252732D+04  ;
   35.425000   -1.4903300238037D+04  ;
   35.450000   -1.4903300223415D+04  ;
   35.475000   -1.4903300208866D+04  ;
   35.500000   -1.4903300194389D+04  ;
   35.525000   -1.4903300179983D+04  ;
   35.550000   -1.4903300165648D+04  ;
   35.575000   -1.4903300151384D+04  ;
   35.600000   -1.4903300137190D+04  ;
   35.625000   -1.4903300123067D+04  ;
   35.650000   -1.4903300109013D+04  ;
   35.675000   -1.4903300095028D+04  ;
   35.700000   -1.4903300081111D+04  ;
   35.725000   -1.4903300067264D+04  ;
   35.750000   -1.4903300053484D+04  ;
   35.775000   -1.4903300039772D+04  ;
   35.800000   -1.4903300026127D+04  ;
   35.825000   -1.4903300012549D+04  ;
   35.850000   -1.4903299999038D+04  ;
   35.875000   -1.4903299985592D+04  ;
   35.900000   -1.4903299972213D+04  ;
   35.925000   -1.4903299958899D+04  ;
   35.950000   -1.4903299945649D+04  ;
   35.975000   -1.4903299932465D+04  ;
   36.000000   -1.4903299919345D+04  ;
   36.025000   -1.4903299906289D+04  ;
   36.050000   -1.4903299893296D+04  ;
   36.075000   -1.4903299880367D+04  ;
   36.100000   -1.4903299867500D+04  ;
   36.125000   -1.4903299854696D+04  ;
   36.150000   -1.4903299841954D+04  ;
   36.175000   -1.4903299829274D+04  ;
   36.200000   -1.4903299816656D+04  ;
   36.225000   -1.4903299804099D+04  ;
   36.250000   -1.4903299791602D+04  ;
   36.275000   -1.4903299779166D+04  ;
   36.300000   -1.4903299766790D+04  ;
   36.325000   -1.4903299754474D+04  ;
   36.350000   -1.4903299742218D+04  ;
   36.375000   -1.4903299730020D+04  ;
   36.400000   -1.4903299717882D+04  ;
   36.425000   -1.4903299705802D+04  ;
   36.450000   -1.4903299693780D+04  ;
   36.475000   -1.4903299681816D+04  ;
   36.500000   -1.4903299669909D+04  ;
   36.525000   -1.4903299658060D+04  ;
   36.550000   -1.4903299646268D+04  ;
   36.575000   -1.4903299634532D+04  ;
   36.600000   -1.4903299622853D+04  ;
   36.625000   -1.4903299611229D+04  ;
   36.650000   -1.4903299599661D+04  ;
   36.675000   -1.4903299588149D+04  ;
   36.700000   -1.4903299576692D+04  ;
   36.725000   -1.4903299565289D+04  ;
   36.750000   -1.4903299553941D+04  ;
   36.775000   -1.4903299542647D+04  ;
   36.800000   -1.4903299531407D+04  ;
   36.825000   -1.4903299520221D+04  ;
   36.850000   -1.4903299509087D+04  ;
   36.875000   -1.4903299498007D+04  ;
   36.900000   -1.4903299486980D+04  ;
   36.925000   -1.4903299476005D+04  ;
   36.950000   -1.4903299465082D+04  ;
   36.975000   -1.4903299454211D+04  ;
   37.000000   -1.4903299443391D+04  ;
   37.025000   -1.4903299432623D+04  ;
   37.050000   -1.4903299421906D+04  ;
   37.075000   -1.4903299411240D+04  ;
   37.100000   -1.4903299400624D+04  ;
   37.125000   -1.4903299390058D+04  ;
   37.150000   -1.4903299379542D+04  ;
   37.175000   -1.4903299369076D+04  ;
   37.200000   -1.4903299358659D+04  ;
   37.225000   -1.4903299348292D+04  ;
   37.250000   -1.4903299337973D+04  ;
   37.275000   -1.4903299327703D+04  ;
   37.300000   -1.4903299317481D+04  ;
   37.325000   -1.4903299307307D+04  ;
   37.350000   -1.4903299297181D+04  ;
   37.375000   -1.4903299287102D+04  ;
   37.400000   -1.4903299277071D+04  ;
   37.425000   -1.4903299267087D+04  ;
   37.450000   -1.4903299257150D+04  ;
   37.475000   -1.4903299247259D+04  ;
   37.500000   -1.4903299237415D+04  ;
   37.525000   -1.4903299227616D+04  ;
   37.550000   -1.4903299217864D+04  ;
   37.575000   -1.4903299208157D+04  ;
   37.600000   -1.4903299198495D+04  ;
   37.625000   -1.4903299188878D+04  ;
   37.650000   -1.4903299179306D+04  ;
   37.675000   -1.4903299169779D+04  ;
   37.700000   -1.4903299160296D+04  ;
   37.725000   -1.4903299150857D+04  ;
   37.750000   -1.4903299141463D+04  ;
   37.775000   -1.4903299132111D+04  ;
   37.800000   -1.4903299122804D+04  ;
   37.825000   -1.4903299113539D+04  ;
   37.850000   -1.4903299104317D+04  ;
   37.875000   -1.4903299095138D+04  ;
   37.900000   -1.4903299086002D+04  ;
   37.925000   -1.4903299076908D+04  ;
   37.950000   -1.4903299067856D+04  ;
   37.975000   -1.4903299058845D+04  ;
   38.000000   -1.4903299049877D+04  ;
   38.025000   -1.4903299040949D+04  ;
   38.050000   -1.4903299032063D+04  ;
   38.075000   -1.4903299023218D+04  ;
   38.100000   -1.4903299014414D+04  ;
   38.125000   -1.4903299005650D+04  ;
   38.150000   -1.4903298996927D+04  ;
   38.175000   -1.4903298988243D+04  ;
   38.200000   -1.4903298979600D+04  ;
   38.225000   -1.4903298970996D+04  ;
   38.250000   -1.4903298962431D+04  ;
   38.275000   -1.4903298953906D+04  ;
   38.300000   -1.4903298945420D+04  ;
   38.325000   -1.4903298936973D+04  ;
   38.350000   -1.4903298928565D+04  ;
   38.375000   -1.4903298920194D+04  ;
   38.400000   -1.4903298911863D+04  ;
   38.425000   -1.4903298903569D+04  ;
   38.450000   -1.4903298895313D+04  ;
   38.475000   -1.4903298887095D+04  ;
   38.500000   -1.4903298878914D+04  ;
   38.525000   -1.4903298870770D+04  ;
   38.550000   -1.4903298862664D+04  ;
   38.575000   -1.4903298854594D+04  ;
   38.600000   -1.4903298846561D+04  ;
   38.625000   -1.4903298838565D+04  ;
   38.650000   -1.4903298830605D+04  ;
   38.675000   -1.4903298822681D+04  ;
   38.700000   -1.4903298814793D+04  ;
   38.725000   -1.4903298806941D+04  ;
   38.750000   -1.4903298799124D+04  ;
   38.775000   -1.4903298791342D+04  ;
   38.800000   -1.4903298783596D+04  ;
   38.825000   -1.4903298775885D+04  ;
   38.850000   -1.4903298768209D+04  ;
   38.875000   -1.4903298760567D+04  ;
   38.900000   -1.4903298752960D+04  ;
   38.925000   -1.4903298745387D+04  ;
   38.950000   -1.4903298737848D+04  ;
   38.975000   -1.4903298730343D+04  ;
   39.000000   -1.4903298722872D+04  ;
   39.025000   -1.4903298715435D+04  ;
   39.050000   -1.4903298708031D+04  ;
   39.075000   -1.4903298700660D+04  ;
   39.100000   -1.4903298693322D+04  ;
   39.125000   -1.4903298686017D+04  ;
   39.150000   -1.4903298678745D+04  ;
   39.175000   -1.4903298671505D+04  ;
   39.200000   -1.4903298664298D+04  ;
   39.225000   -1.4903298657123D+04  ;
   39.250000   -1.4903298649981D+04  ;
   39.275000   -1.4903298642870D+04  ;
   39.300000   -1.4903298635790D+04  ;
   39.325000   -1.4903298628743D+04  ;
   39.350000   -1.4903298621727D+04  ;
   39.375000   -1.4903298614742D+04  ;
   39.400000   -1.4903298607788D+04  ;
   39.425000   -1.4903298600865D+04  ;
   39.450000   -1.4903298593973D+04  ;
   39.475000   -1.4903298587112D+04  ;
   39.500000   -1.4903298580281D+04  ;
   39.525000   -1.4903298573480D+04  ;
   39.550000   -1.4903298566710D+04  ;
   39.575000   -1.4903298559969D+04  ;
   39.600000   -1.4903298553259D+04  ;
   39.625000   -1.4903298546578D+04  ;
   39.650000   -1.4903298539927D+04  ;
   39.675000   -1.4903298533305D+04  ;
   39.700000   -1.4903298526712D+04  ;
   39.725000   -1.4903298520149D+04  ;
   39.750000   -1.4903298513614D+04  ;
   39.775000   -1.4903298507108D+04  ;
   39.800000   -1.4903298500631D+04  ;
   39.825000   -1.4903298494183D+04  ;
   39.850000   -1.4903298487763D+04  ;
   39.875000   -1.4903298481371D+04  ;
   39.900000   -1.4903298475007D+04  ;
   39.925000   -1.4903298468671D+04  ;
   39.950000   -1.4903298462363D+04  ;
   39.975000   -1.4903298456083D+04  ;
   40.000000   -1.4903298449830D+04  ;
   40.025000   -1.4903298443605D+04  ;
   40.050000   -1.4903298437407D+04  ;
   40.075000   -1.4903298431236D+04  ;
   40.100000   -1.4903298425092D+04  ;
   40.125000   -1.4903298418975D+04  ;
   40.150000   -1.4903298412885D+04  ;
   40.175000   -1.4903298406821D+04  ;
   40.200000   -1.4903298400784D+04  ;
   40.225000   -1.4903298394773D+04  ;
   40.250000   -1.4903298388788D+04  ;
   40.275000   -1.4903298382829D+04  ;
   40.300000   -1.4903298376897D+04  ;
   40.325000   -1.4903298370990D+04  ;
   40.350000   -1.4903298365109D+04  ;
   40.375000   -1.4903298359253D+04  ;
   40.400000   -1.4903298353423D+04  ;
   40.425000   -1.4903298347618D+04  ;
   40.450000   -1.4903298341838D+04  ;
   40.475000   -1.4903298336083D+04  ;
   40.500000   -1.4903298330353D+04  ;
   40.525000   -1.4903298324648D+04  ;
   40.550000   -1.4903298318968D+04  ;
   40.575000   -1.4903298313312D+04  ;
   40.600000   -1.4903298307681D+04  ;
   40.625000   -1.4903298302074D+04  ;
   40.650000   -1.4903298296491D+04  ;
   40.675000   -1.4903298290932D+04  ;
   40.700000   -1.4903298285398D+04  ;
   40.725000   -1.4903298279887D+04  ;
   40.750000   -1.4903298274399D+04  ;
   40.775000   -1.4903298268936D+04  ;
   40.800000   -1.4903298263496D+04  ;
   40.825000   -1.4903298258079D+04  ;
   40.850000   -1.4903298252685D+04  ;
   40.875000   -1.4903298247315D+04  ;
   40.900000   -1.4903298241968D+04  ;
   40.925000   -1.4903298236643D+04  ;
   40.950000   -1.4903298231342D+04  ;
   40.975000   -1.4903298226063D+04  ;
   41.000000   -1.4903298220807D+04  ;
   41.025000   -1.4903298215573D+04  ;
   41.050000   -1.4903298210361D+04  ;
   41.075000   -1.4903298205172D+04  ;
   41.100000   -1.4903298200005D+04  ;
   41.125000   -1.4903298194860D+04  ;
   41.150000   -1.4903298189737D+04  ;
   41.175000   -1.4903298184636D+04  ;
   41.200000   -1.4903298179556D+04  ;
   41.225000   -1.4903298174498D+04  ;
   41.250000   -1.4903298169462D+04  ;
   41.275000   -1.4903298164447D+04  ;
   41.300000   -1.4903298159453D+04  ;
   41.325000   -1.4903298154481D+04  ;
   41.350000   -1.4903298149529D+04  ;
   41.375000   -1.4903298144599D+04  ;
   41.400000   -1.4903298139689D+04  ;
   41.425000   -1.4903298134800D+04  ;
   41.450000   -1.4903298129932D+04  ;
   41.475000   -1.4903298125085D+04  ;
   41.500000   -1.4903298120258D+04  ;
   41.525000   -1.4903298115451D+04  ;
   41.550000   -1.4903298110665D+04  ;
   41.575000   -1.4903298105899D+04  ;
   41.600000   -1.4903298101153D+04  ;
   41.625000   -1.4903298096427D+04  ;
   41.650000   -1.4903298091720D+04  ;
   41.675000   -1.4903298087034D+04  ;
   41.700000   -1.4903298082368D+04  ;
   41.725000   -1.4903298077721D+04  ;
   41.750000   -1.4903298073093D+04  ;
   41.775000   -1.4903298068485D+04  ;
   41.800000   -1.4903298063896D+04  ;
   41.825000   -1.4903298059327D+04  ;
   41.850000   -1.4903298054776D+04  ;
   41.875000   -1.4903298050245D+04  ;
   41.900000   -1.4903298045733D+04  ;
   41.925000   -1.4903298041239D+04  ;
   41.950000   -1.4903298036765D+04  ;
   41.975000   -1.4903298032309D+04  ;
   42.000000   -1.4903298027872D+04  ;
   42.025000   -1.4903298023453D+04  ;
   42.050000   -1.4903298019052D+04  ;
   42.075000   -1.4903298014670D+04  ;
   42.100000   -1.4903298010307D+04  ;
   42.125000   -1.4903298005961D+04  ;
   42.150000   -1.4903298001633D+04  ;
   42.175000   -1.4903297997324D+04  ;
   42.200000   -1.4903297993032D+04  ;
   42.225000   -1.4903297988758D+04  ;
   42.250000   -1.4903297984502D+04  ;
   42.275000   -1.4903297980264D+04  ;
   42.300000   -1.4903297976043D+04  ;
   42.325000   -1.4903297971840D+04  ;
   42.350000   -1.4903297967654D+04  ;
   42.375000   -1.4903297963485D+04  ;
   42.400000   -1.4903297959334D+04  ;
   42.425000   -1.4903297955200D+04  ;
   42.450000   -1.4903297951082D+04  ;
   42.475000   -1.4903297946982D+04  ;
   42.500000   -1.4903297942899D+04  ;
   42.525000   -1.4903297938833D+04  ;
   42.550000   -1.4903297934783D+04  ;
   42.575000   -1.4903297930750D+04  ;
   42.600000   -1.4903297926734D+04  ;
   42.625000   -1.4903297922734D+04  ;
   42.650000   -1.4903297918751D+04  ;
   42.675000   -1.4903297914784D+04  ;
   42.700000   -1.4903297910833D+04  ;
   42.725000   -1.4903297906898D+04  ;
   42.750000   -1.4903297902980D+04  ;
   42.775000   -1.4903297899078D+04  ;
   42.800000   -1.4903297895192D+04  ;
   42.825000   -1.4903297891321D+04  ;
   42.850000   -1.4903297887467D+04  ;
   42.875000   -1.4903297883628D+04  ;
   42.900000   -1.4903297879805D+04  ;
   42.925000   -1.4903297875997D+04  ;
   42.950000   -1.4903297872205D+04  ;
   42.975000   -1.4903297868429D+04  ;
   43.000000   -1.4903297864668D+04  ;
   43.025000   -1.4903297860922D+04  ;
   43.050000   -1.4903297857192D+04  ;
   43.075000   -1.4903297853477D+04  ;
   43.100000   -1.4903297849776D+04  ;
   43.125000   -1.4903297846091D+04  ;
   43.150000   -1.4903297842421D+04  ;
   43.175000   -1.4903297838766D+04  ;
   43.200000   -1.4903297835125D+04  ;
   43.225000   -1.4903297831500D+04  ;
   43.250000   -1.4903297827889D+04  ;
   43.275000   -1.4903297824293D+04  ;
   43.300000   -1.4903297820711D+04  ;
   43.325000   -1.4903297817144D+04  ;
   43.350000   -1.4903297813591D+04  ;
   43.375000   -1.4903297810052D+04  ;
   43.400000   -1.4903297806528D+04  ;
   43.425000   -1.4903297803018D+04  ;
   43.450000   -1.4903297799523D+04  ;
   43.475000   -1.4903297796041D+04  ;
   43.500000   -1.4903297792573D+04  ;
   43.525000   -1.4903297789120D+04  ;
   43.550000   -1.4903297785680D+04  ;
   43.575000   -1.4903297782254D+04  ;
   43.600000   -1.4903297778842D+04  ;
   43.625000   -1.4903297775444D+04  ;
   43.650000   -1.4903297772059D+04  ;
   43.675000   -1.4903297768688D+04  ;
   43.700000   -1.4903297765330D+04  ;
   43.725000   -1.4903297761986D+04  ;
   43.750000   -1.4903297758655D+04  ;
   43.775000   -1.4903297755338D+04  ;
   43.800000   -1.4903297752034D+04  ;
   43.825000   -1.4903297748743D+04  ;
   43.850000   -1.4903297745465D+04  ;
   43.875000   -1.4903297742200D+04  ;
   43.900000   -1.4903297738949D+04  ;
   43.925000   -1.4903297735710D+04  ;
   43.950000   -1.4903297732484D+04  ;
   43.975000   -1.4903297729271D+04  ;
   44.000000   -1.4903297726071D+04  ;
   44.025000   -1.4903297722884D+04  ;
   44.050000   -1.4903297719709D+04  ;
   44.075000   -1.4903297716547D+04  ;
   44.100000   -1.4903297713398D+04  ;
   44.125000   -1.4903297710261D+04  ;
   44.150000   -1.4903297707137D+04  ;
   44.175000   -1.4903297704025D+04  ;
   44.200000   -1.4903297700925D+04  ;
   44.225000   -1.4903297697838D+04  ;
   44.250000   -1.4903297694762D+04  ;
   44.275000   -1.4903297691699D+04  ;
   44.300000   -1.4903297688648D+04  ;
   44.325000   -1.4903297685610D+04  ;
   44.350000   -1.4903297682583D+04  ;
   44.375000   -1.4903297679568D+04  ;
   44.400000   -1.4903297676565D+04  ;
   44.425000   -1.4903297673574D+04  ;
   44.450000   -1.4903297670595D+04  ;
   44.475000   -1.4903297667627D+04  ;
   44.500000   -1.4903297664671D+04  ;
   44.525000   -1.4903297661727D+04  ;
   44.550000   -1.4903297658794D+04  ;
   44.575000   -1.4903297655873D+04  ;
   44.600000   -1.4903297652964D+04  ;
   44.625000   -1.4903297650066D+04  ;
   44.650000   -1.4903297647179D+04  ;
   44.675000   -1.4903297644303D+04  ;
   44.700000   -1.4903297641439D+04  ;
   44.725000   -1.4903297638586D+04  ;
   44.750000   -1.4903297635744D+04  ;
   44.775000   -1.4903297632914D+04  ;
   44.800000   -1.4903297630094D+04  ;
   44.825000   -1.4903297627286D+04  ;
   44.850000   -1.4903297624488D+04  ;
   44.875000   -1.4903297621701D+04  ;
   44.900000   -1.4903297618926D+04  ;
   44.925000   -1.4903297616161D+04  ;
   44.950000   -1.4903297613407D+04  ;
   44.975000   -1.4903297610663D+04  ;
   45.000000   -1.4903297607930D+04  ;
   45.025000   -1.4903297605208D+04  ;
   45.050000   -1.4903297602497D+04  ;
   45.075000   -1.4903297599796D+04  ;
   45.100000   -1.4903297597106D+04  ;
   45.125000   -1.4903297594426D+04  ;
   45.150000   -1.4903297591756D+04  ;
   45.175000   -1.4903297589097D+04  ;
   45.200000   -1.4903297586448D+04  ;
   45.225000   -1.4903297583809D+04  ;
   45.250000   -1.4903297581181D+04  ;
   45.275000   -1.4903297578563D+04  ;
   45.300000   -1.4903297575954D+04  ;
   45.325000   -1.4903297573356D+04  ;
   45.350000   -1.4903297570768D+04  ;
   45.375000   -1.4903297568190D+04  ;
   45.400000   -1.4903297565622D+04  ;
   45.425000   -1.4903297563064D+04  ;
   45.450000   -1.4903297560516D+04  ;
   45.475000   -1.4903297557978D+04  ;
   45.500000   -1.4903297555449D+04  ;
   45.525000   -1.4903297552930D+04  ;
   45.550000   -1.4903297550421D+04  ;
   45.575000   -1.4903297547921D+04  ;
   45.600000   -1.4903297545431D+04  ;
   45.625000   -1.4903297542951D+04  ;
   45.650000   -1.4903297540480D+04  ;
   45.675000   -1.4903297538019D+04  ;
   45.700000   -1.4903297535567D+04  ;
   45.725000   -1.4903297533124D+04  ;
   45.750000   -1.4903297530691D+04  ;
   45.775000   -1.4903297528267D+04  ;
   45.800000   -1.4903297525853D+04  ;
   45.825000   -1.4903297523447D+04  ;
   45.850000   -1.4903297521051D+04  ;
   45.875000   -1.4903297518664D+04  ;
   45.900000   -1.4903297516286D+04  ;
   45.925000   -1.4903297513918D+04  ;
   45.950000   -1.4903297511558D+04  ;
   45.975000   -1.4903297509207D+04  ;
   46.000000   -1.4903297506865D+04  ;
   46.025000   -1.4903297504532D+04  ;
   46.050000   -1.4903297502208D+04  ;
   46.075000   -1.4903297499893D+04  ;
   46.100000   -1.4903297497587D+04  ;
   46.125000   -1.4903297495289D+04  ;
   46.150000   -1.4903297493001D+04  ;
   46.175000   -1.4903297490720D+04  ;
   46.200000   -1.4903297488449D+04  ;
   46.225000   -1.4903297486186D+04  ;
   46.250000   -1.4903297483932D+04  ;
   46.275000   -1.4903297481686D+04  ;
   46.300000   -1.4903297479449D+04  ;
   46.325000   -1.4903297477220D+04  ;
   46.350000   -1.4903297474999D+04  ;
   46.375000   -1.4903297472787D+04  ;
   46.400000   -1.4903297470584D+04  ;
   46.425000   -1.4903297468388D+04  ;
   46.450000   -1.4903297466201D+04  ;
   46.475000   -1.4903297464023D+04  ;
   46.500000   -1.4903297461852D+04  ;
   46.525000   -1.4903297459690D+04  ;
   46.550000   -1.4903297457535D+04  ;
   46.575000   -1.4903297455389D+04  ;
   46.600000   -1.4903297453251D+04  ;
   46.625000   -1.4903297451121D+04  ;
   46.650000   -1.4903297448999D+04  ;
   46.675000   -1.4903297446885D+04  ;
   46.700000   -1.4903297444779D+04  ;
   46.725000   -1.4903297442681D+04  ;
   46.750000   -1.4903297440590D+04  ;
   46.775000   -1.4903297438508D+04  ;
   46.800000   -1.4903297436433D+04  ;
   46.825000   -1.4903297434366D+04  ;
   46.850000   -1.4903297432307D+04  ;
   46.875000   -1.4903297430255D+04  ;
   46.900000   -1.4903297428211D+04  ;
   46.925000   -1.4903297426175D+04  ;
   46.950000   -1.4903297424147D+04  ;
   46.975000   -1.4903297422126D+04  ;
   47.000000   -1.4903297420112D+04  ;
   47.025000   -1.4903297418106D+04  ;
   47.050000   -1.4903297416107D+04  ;
   47.075000   -1.4903297414116D+04  ;
   47.100000   -1.4903297412133D+04  ;
   47.125000   -1.4903297410156D+04  ;
   47.150000   -1.4903297408187D+04  ;
   47.175000   -1.4903297406226D+04  ;
   47.200000   -1.4903297404271D+04  ;
   47.225000   -1.4903297402324D+04  ;
   47.250000   -1.4903297400384D+04  ;
   47.275000   -1.4903297398452D+04  ;
   47.300000   -1.4903297396526D+04  ;
   47.325000   -1.4903297394608D+04  ;
   47.350000   -1.4903297392697D+04  ;
   47.375000   -1.4903297390792D+04  ;
   47.400000   -1.4903297388895D+04  ;
   47.425000   -1.4903297387005D+04  ;
   47.450000   -1.4903297385122D+04  ;
   47.475000   -1.4903297383246D+04  ;
   47.500000   -1.4903297381376D+04  ;
   47.525000   -1.4903297379514D+04  ;
   47.550000   -1.4903297377658D+04  ;
   47.575000   -1.4903297375810D+04  ;
   47.600000   -1.4903297373968D+04  ;
   47.625000   -1.4903297372132D+04  ;
   47.650000   -1.4903297370304D+04  ;
   47.675000   -1.4903297368482D+04  ;
   47.700000   -1.4903297366667D+04  ;
   47.725000   -1.4903297364859D+04  ;
   47.750000   -1.4903297363057D+04  ;
   47.775000   -1.4903297361262D+04  ;
   47.800000   -1.4903297359474D+04  ;
   47.825000   -1.4903297357692D+04  ;
   47.850000   -1.4903297355917D+04  ;
   47.875000   -1.4903297354148D+04  ;
   47.900000   -1.4903297352385D+04  ;
   47.925000   -1.4903297350629D+04  ;
   47.950000   -1.4903297348880D+04  ;
   47.975000   -1.4903297347137D+04  ;
   48.000000   -1.4903297345400D+04  ;
   48.025000   -1.4903297343669D+04  ;
   48.050000   -1.4903297341945D+04  ;
   48.075000   -1.4903297340227D+04  ;
   48.100000   -1.4903297338516D+04  ;
   48.125000   -1.4903297336810D+04  ;
   48.150000   -1.4903297335111D+04  ;
   48.175000   -1.4903297333418D+04  ;
   48.200000   -1.4903297331731D+04  ;
   48.225000   -1.4903297330051D+04  ;
   48.250000   -1.4903297328376D+04  ;
   48.275000   -1.4903297326708D+04  ;
   48.300000   -1.4903297325045D+04  ;
   48.325000   -1.4903297323389D+04  ;
   48.350000   -1.4903297321738D+04  ;
   48.375000   -1.4903297320094D+04  ;
   48.400000   -1.4903297318455D+04  ;
   48.425000   -1.4903297316823D+04  ;
   48.450000   -1.4903297315196D+04  ;
   48.475000   -1.4903297313575D+04  ;
   48.500000   -1.4903297311960D+04  ;
   48.525000   -1.4903297310351D+04  ;
   48.550000   -1.4903297308748D+04  ;
   48.575000   -1.4903297307151D+04  ;
   48.600000   -1.4903297305559D+04  ;
   48.625000   -1.4903297303973D+04  ;
   48.650000   -1.4903297302393D+04  ;
   48.675000   -1.4903297300818D+04  ;
   48.700000   -1.4903297299249D+04  ;
   48.725000   -1.4903297297686D+04  ;
   48.750000   -1.4903297296128D+04  ;
   48.775000   -1.4903297294576D+04  ;
   48.800000   -1.4903297293030D+04  ;
   48.825000   -1.4903297291489D+04  ;
   48.850000   -1.4903297289953D+04  ;
   48.875000   -1.4903297288423D+04  ;
   48.900000   -1.4903297286899D+04  ;
   48.925000   -1.4903297285380D+04  ;
   48.950000   -1.4903297283866D+04  ;
   48.975000   -1.4903297282358D+04  ;
   49.000000   -1.4903297280856D+04  ;
   49.025000   -1.4903297279358D+04  ;
   49.050000   -1.4903297277866D+04  ;
   49.075000   -1.4903297276380D+04  ;
   49.100000   -1.4903297274898D+04  ;
   49.125000   -1.4903297273422D+04  ;
   49.150000   -1.4903297271951D+04  ;
   49.175000   -1.4903297270486D+04  ;
   49.200000   -1.4903297269025D+04  ;
   49.225000   -1.4903297267570D+04  ;
   49.250000   -1.4903297266120D+04  ;
   49.275000   -1.4903297264675D+04  ;
   49.300000   -1.4903297263236D+04  ;
   49.325000   -1.4903297261801D+04  ;
   49.350000   -1.4903297260372D+04  ;
   49.375000   -1.4903297258947D+04  ;
   49.400000   -1.4903297257528D+04  ;
   49.425000   -1.4903297256114D+04  ;
   49.450000   -1.4903297254704D+04  ;
   49.475000   -1.4903297253300D+04  ;
   49.500000   -1.4903297251901D+04  ;
   49.525000   -1.4903297250506D+04  ;
   49.550000   -1.4903297249117D+04  ;
   49.575000   -1.4903297247732D+04  ;
   49.600000   -1.4903297246353D+04  ;
   49.625000   -1.4903297244978D+04  ;
   49.650000   -1.4903297243608D+04  ;
   49.675000   -1.4903297242243D+04  ;
   49.700000   -1.4903297240883D+04  ;
   49.725000   -1.4903297239527D+04  ;
   49.750000   -1.4903297238176D+04  ;
   49.775000   -1.4903297236830D+04  ;
   49.800000   -1.4903297235489D+04  ;
   49.825000   -1.4903297234153D+04  ;
   49.850000   -1.4903297232821D+04  ;
   49.875000   -1.4903297231494D+04  ;
   49.900000   -1.4903297230171D+04  ;
   49.925000   -1.4903297228854D+04  ;
   49.950000   -1.4903297227540D+04  ;
   49.975000   -1.4903297226232D+04  ;
   50.000000   -1.4903297224928D+04  ;
   50.250000   -1.4903297212136D+04  ;
   50.500000   -1.4903297199783D+04  ;
   50.750000   -1.4903297187852D+04  ;
   51.000000   -1.4903297176326D+04  ;
   51.250000   -1.4903297165190D+04  ;
   51.500000   -1.4903297154429D+04  ;
   51.750000   -1.4903297144028D+04  ;
   52.000000   -1.4903297133974D+04  ;
   52.250000   -1.4903297124253D+04  ;
   52.500000   -1.4903297114854D+04  ;
   52.750000   -1.4903297105763D+04  ;
   53.000000   -1.4903297096969D+04  ;
   53.250000   -1.4903297088462D+04  ;
   53.500000   -1.4903297080230D+04  ;
   53.750000   -1.4903297072264D+04  ;
   54.000000   -1.4903297064554D+04  ;
   54.250000   -1.4903297057090D+04  ;
   54.500000   -1.4903297049864D+04  ;
   54.750000   -1.4903297042866D+04  ;
   55.000000   -1.4903297036089D+04  ;
   55.250000   -1.4903297029525D+04  ;
   55.500000   -1.4903297023165D+04  ;
   55.750000   -1.4903297017004D+04  ;
   56.000000   -1.4903297011033D+04  ;
   56.250000   -1.4903297005247D+04  ;
   56.500000   -1.4903296999638D+04  ;
   56.750000   -1.4903296994200D+04  ;
   57.000000   -1.4903296988928D+04  ;
   57.250000   -1.4903296983816D+04  ;
   57.500000   -1.4903296978857D+04  ;
   57.750000   -1.4903296974048D+04  ;
   58.000000   -1.4903296969383D+04  ;
   58.250000   -1.4903296964856D+04  ;
   58.500000   -1.4903296960464D+04  ;
   58.750000   -1.4903296956201D+04  ;
   59.000000   -1.4903296952064D+04  ;
   59.250000   -1.4903296948048D+04  ;
   59.500000   -1.4903296944149D+04  ;
   59.750000   -1.4903296940363D+04  ;
   60.000000   -1.4903296936687D+04  ;
   60.250000   -1.4903296933116D+04  ;
   60.500000   -1.4903296929648D+04  ;
   60.750000   -1.4903296926279D+04  ;
   61.000000   -1.4903296923006D+04  ;
   61.250000   -1.4903296919825D+04  ;
   61.500000   -1.4903296916735D+04  ;
   61.750000   -1.4903296913731D+04  ;
   62.000000   -1.4903296910811D+04  ;
   62.250000   -1.4903296907973D+04  ;
   62.500000   -1.4903296905213D+04  ;
   62.750000   -1.4903296902530D+04  ;
   63.000000   -1.4903296899920D+04  ;
   63.250000   -1.4903296897383D+04  ;
   63.500000   -1.4903296894914D+04  ;
   63.750000   -1.4903296892513D+04  ;
   64.000000   -1.4903296890177D+04  ;
   64.250000   -1.4903296887904D+04  ;
   64.500000   -1.4903296885692D+04  ;
   64.750000   -1.4903296883540D+04  ;
   65.000000   -1.4903296881445D+04  ;
   65.250000   -1.4903296879405D+04  ;
   65.500000   -1.4903296877420D+04  ;
   65.750000   -1.4903296875487D+04  ;
   66.000000   -1.4903296873605D+04  ;
   66.250000   -1.4903296871773D+04  ;
   66.500000   -1.4903296869988D+04  ;
   66.750000   -1.4903296868249D+04  ;
   67.000000   -1.4903296866556D+04  ;
   67.250000   -1.4903296864907D+04  ;
   67.500000   -1.4903296863299D+04  ;
   67.750000   -1.4903296861733D+04  ;
   68.000000   -1.4903296860207D+04  ;
   68.250000   -1.4903296858720D+04  ;
   68.500000   -1.4903296857271D+04  ;
   68.750000   -1.4903296855858D+04  ;
   69.000000   -1.4903296854480D+04  ;
   69.250000   -1.4903296853138D+04  ;
   69.500000   -1.4903296851828D+04  ;
   69.750000   -1.4903296850552D+04  ;
   70.000000   -1.4903296849307D+04  ;
   70.250000   -1.4903296848093D+04  ;
   70.500000   -1.4903296846908D+04  ;
   70.750000   -1.4903296845753D+04  ;
   71.000000   -1.4903296844626D+04  ;
   71.250000   -1.4903296843527D+04  ;
   71.500000   -1.4903296842454D+04  ;
   71.750000   -1.4903296841407D+04  ;
   72.000000   -1.4903296840386D+04  ;
   72.250000   -1.4903296839389D+04  ;
   72.500000   -1.4903296838416D+04  ;
   72.750000   -1.4903296837466D+04  ;
   73.000000   -1.4903296836539D+04  ;
   73.250000   -1.4903296835633D+04  ;
   73.500000   -1.4903296834750D+04  ;
   73.750000   -1.4903296833887D+04  ;
   74.000000   -1.4903296833044D+04  ;
   74.250000   -1.4903296832221D+04  ;
   74.500000   -1.4903296831417D+04  ;
   74.750000   -1.4903296830632D+04  ;
   75.000000   -1.4903296829865D+04  ;
   75.250000   -1.4903296829115D+04  ;
   75.500000   -1.4903296828383D+04  ;
   75.750000   -1.4903296827668D+04  ;
   76.000000   -1.4903296826969D+04  ;
   76.250000   -1.4903296826286D+04  ;
   76.500000   -1.4903296825619D+04  ;
   76.750000   -1.4903296824967D+04  ;
   77.000000   -1.4903296824329D+04  ;
   77.250000   -1.4903296823706D+04  ;
   77.500000   -1.4903296823096D+04  ;
   77.750000   -1.4903296822501D+04  ;
   78.000000   -1.4903296821918D+04  ;
   78.250000   -1.4903296821349D+04  ;
   78.500000   -1.4903296820792D+04  ;
   78.750000   -1.4903296820247D+04  ;
   79.000000   -1.4903296819715D+04  ;
   79.250000   -1.4903296819194D+04  ;
   79.500000   -1.4903296818684D+04  ;
   79.750000   -1.4903296818186D+04  ;
   80.000000   -1.4903296817698D+04  ;
   80.250000   -1.4903296817221D+04  ;
   80.500000   -1.4903296816755D+04  ;
   80.750000   -1.4903296816298D+04  ;
   81.000000   -1.4903296815851D+04  ;
   81.250000   -1.4903296815414D+04  ;
   81.500000   -1.4903296814986D+04  ;
   81.750000   -1.4903296814567D+04  ;
   82.000000   -1.4903296814157D+04  ;
   82.250000   -1.4903296813755D+04  ;
   82.500000   -1.4903296813363D+04  ;
   82.750000   -1.4903296812978D+04  ;
   83.000000   -1.4903296812601D+04  ;
   83.250000   -1.4903296812233D+04  ;
   83.500000   -1.4903296811872D+04  ;
   83.750000   -1.4903296811518D+04  ;
   84.000000   -1.4903296811172D+04  ;
   84.250000   -1.4903296810833D+04  ;
   84.500000   -1.4903296810501D+04  ;
   84.750000   -1.4903296810175D+04  ;
   85.000000   -1.4903296809857D+04  ;
   85.250000   -1.4903296809545D+04  ;
   85.500000   -1.4903296809239D+04  ;
   85.750000   -1.4903296808939D+04  ;
   86.000000   -1.4903296808646D+04  ;
   86.250000   -1.4903296808358D+04  ;
   86.500000   -1.4903296808076D+04  ;
   86.750000   -1.4903296807800D+04  ;
   87.000000   -1.4903296807529D+04  ;
   87.250000   -1.4903296807264D+04  ;
   87.500000   -1.4903296807004D+04  ;
   87.750000   -1.4903296806749D+04  ;
   88.000000   -1.4903296806499D+04  ;
   88.250000   -1.4903296806255D+04  ;
   88.500000   -1.4903296806014D+04  ;
   88.750000   -1.4903296805779D+04  ;
   89.000000   -1.4903296805548D+04  ;
   89.250000   -1.4903296805322D+04  ;
   89.500000   -1.4903296805100D+04  ;
   89.750000   -1.4903296804883D+04  ;
   90.000000   -1.4903296804669D+04  ;
   90.250000   -1.4903296804460D+04  ;
   90.500000   -1.4903296804255D+04  ;
   90.750000   -1.4903296804053D+04  ;
   91.000000   -1.4903296803856D+04  ;
   91.250000   -1.4903296803662D+04  ;
   91.500000   -1.4903296803472D+04  ;
   91.750000   -1.4903296803286D+04  ;
   92.000000   -1.4903296803103D+04  ;
   92.250000   -1.4903296802924D+04  ;
   92.500000   -1.4903296802747D+04  ;
   92.750000   -1.4903296802575D+04  ;
   93.000000   -1.4903296802405D+04  ;
   93.250000   -1.4903296802239D+04  ;
   93.500000   -1.4903296802076D+04  ;
   93.750000   -1.4903296801915D+04  ;
   94.000000   -1.4903296801758D+04  ;
   94.250000   -1.4903296801604D+04  ;
   94.500000   -1.4903296801452D+04  ;
   94.750000   -1.4903296801303D+04  ;
   95.000000   -1.4903296801157D+04  ;
   95.250000   -1.4903296801014D+04  ;
   95.500000   -1.4903296800873D+04  ;
   95.750000   -1.4903296800735D+04  ;
   96.000000   -1.4903296800599D+04  ;
   96.250000   -1.4903296800466D+04  ;
   96.500000   -1.4903296800335D+04  ;
   96.750000   -1.4903296800207D+04  ;
   97.000000   -1.4903296800081D+04  ;
   97.250000   -1.4903296799957D+04  ;
   97.500000   -1.4903296799835D+04  ;
   97.750000   -1.4903296799716D+04  ;
   98.000000   -1.4903296799598D+04  ;
   98.250000   -1.4903296799483D+04  ;
   98.500000   -1.4903296799370D+04  ;
   98.750000   -1.4903296799258D+04  ;
   99.000000   -1.4903296799149D+04  ;
   99.250000   -1.4903296799041D+04  ;
   99.500000   -1.4903296798936D+04  ;
   99.750000   -1.4903296798832D+04  ;
  100.000000   -1.4903296798730D+04  ];
